4.754888817638120102e+00 5.658683995988777582e+00 3.626451023599996937e+00 -1.254062337698094431e+01
1.240200073595254748e+00 1.749840582991535609e-01 6.665195032171866707e-01 1.341705723388291194e-01
1.070684576466398447e-01 4.118311419261163064e-01 2.943608327764850152e+00 8.673024884882895788e-03
6.983032908165816899e+00 4.664295982392910211e+00 4.327806055665962326e+00 -3.019178821098882182e+01
6.374139927762809688e-01 3.498271298395847939e+00 1.201678175316386321e+00 2.079657673155209441e+00
9.231116034835545880e-01 5.343934154860410679e+00 3.989231879527683322e+00 -3.698405660207475965e+00
2.345110323250968465e-01 1.148186296595158223e-01 5.292740048495244487e+00 -2.251760836452150472e-02
2.209533034782439898e-01 4.558114106376093821e-01 1.610646620000342422e+00 1.006330790645826034e-01
1.687017851337493379e+00 1.250819869856863997e+00 1.991842109387609083e+00 1.925858718586664908e+00
1.172820687386123412e-01 1.091111896868842912e+00 3.644615898484558247e+00 -6.169029709301171449e-02
2.171190327498843331e+00 2.808213633304559864e-01 4.601753048889649200e+00 -6.059888724864801457e-01
2.212635988159965816e-01 1.232619189497848461e-01 2.809464177164286536e+00 8.892645678408132859e-03
2.421150607043256908e+00 6.792917437816355708e+00 3.879327485832100741e+00 -1.106225524355677692e+01
1.966859515158002836e+00 1.902288341131594118e-01 2.317258888594567967e+00 2.746643369808502988e-01
1.388742960193330100e+00 4.725914020118672232e-01 2.689200055383583088e+00 2.868844889949264121e-01
1.241959076261462958e+00 8.910233898732168312e-01 2.632140272410345982e+00 5.396950953144630247e-01
5.485426216226095164e+00 1.311921389662684234e+00 1.835203263690488917e+00 6.946354576419336624e+00
4.400249019095029190e+00 6.895662889389122086e+00 2.043849353198946339e+00 2.701045015727190446e+01
6.091006802185821023e+00 1.408405759807372648e-01 2.400596205810479056e+00 5.790762046791733120e-01
8.954410673428762735e+00 1.147327278351828683e+00 3.056375147700408912e-02 3.139520836502892598e-01
1.177386599388482030e-01 4.149779139093280556e+00 2.916964930666319677e+00 1.088300979120014611e-01
2.352532437411488098e-01 5.062791234408713370e-01 6.063916178212321872e-01 6.787798960638906365e-02
2.242704729643111961e+00 1.432232416164667677e-01 5.217564089713692788e+00 -2.810853369350474473e-01
1.079631076330115125e+00 4.002812351878802799e-01 1.248397185007648069e+00 4.098905150001849740e-01
7.793636921307555143e-01 3.811180917594943818e+00 6.151161825540400585e+00 -3.910106105854993519e-01
1.861280582558684227e-01 4.698432676655019513e+00 5.067139391747888411e+00 -8.200572147188988081e-01
2.701420156056547617e-01 7.991737723377283498e-01 6.140923182267035152e+00 -3.060953611218274195e-02
1.267213830848221034e+00 9.795334741602857997e-01 1.441277564051821614e+00 1.230881621804159831e+00
1.489982425261903443e-01 7.346695082604614235e+00 4.759195206923966026e+00 -1.093445788325134060e+00
1.284642011515287063e-01 2.052606243332578906e+00 2.579554832836510325e-01 6.726751765082170098e-02
1.383335087026366095e+00 7.887920650828957214e+00 4.420384123162416579e+00 -1.044973313129160708e+01
6.027594920470106254e-01 5.634145706994847735e+00 5.288075045041746414e+00 -2.848658515670852154e+00
3.364936015230451383e-01 8.059640635215040705e-01 1.877255923390768189e+00 2.585658180717286259e-01
3.848890907096383929e-01 1.244663793730523271e-01 5.897557276572910068e-01 2.664316844831585152e-02
1.607870503746285096e-01 4.545421573064046261e-01 6.251004805540487652e-01 4.276749254769861286e-02
2.700201835216348822e+00 5.767390745777572825e+00 4.705042179233678290e+00 -1.557269879470449148e+01
3.776248099308271433e-01 3.632313549169987166e+00 4.868693322503824916e+00 -1.354930354608071541e+00
2.321908414717615443e+00 6.056646446563729747e+00 8.904282885180716534e-01 1.093173311519016089e+01
3.728925318952278189e+00 1.575928423824327851e+00 1.584045628022478613e+00 5.876003614189500901e+00
2.309738819896810735e+00 2.359443947819647835e+00 2.711949930025212119e+00 2.270050565773578111e+00
2.876310134856414624e-01 2.429344825021684529e-01 3.696571523231487078e+00 -3.681916716707471504e-02
3.188270635012660836e+00 7.651345889845178938e+00 2.032751474559158389e+00 2.183759182756718431e+01
1.261681972507458227e-01 1.542909722647240578e+00 3.160538784273433155e+00 -3.687949450106467551e-03
4.060632191499464305e+00 6.389408746424410701e+00 2.807379433767367871e+00 8.510647956208453380e+00
5.275230798391675968e+00 1.420322796914072372e+00 8.131788180928946064e-01 5.443138397907427262e+00
3.628354227280287780e+00 8.982069042136753723e+00 5.798258094570463150e+00 -1.519169157016222549e+01
3.617751699644595309e+00 1.273654890959815322e+00 3.595728578989479729e+00 -2.021362870740001316e+00
1.421999877323884831e-01 5.916354476236626025e-01 6.220722082929266428e+00 -5.251649047906543910e-03
2.216446942855503366e+00 5.493386538047620782e+00 4.466792718722393474e+00 -1.181043479607597924e+01
2.857131261336009476e-01 5.131403070717892589e+00 3.418597344349450395e+00 -4.009453237621746768e-01
2.122498626480192052e-01 5.030481508692602466e-01 1.023132935377804698e+00 9.115581737456641964e-02
7.792171088902591913e-01 2.314554611948618223e-01 2.915715117049074490e+00 4.039239966866980946e-02
7.509179917392299508e+00 6.638491756548464018e+00 5.591329712011580355e+00 -3.180242851588807085e+01
1.418744183738378295e+00 4.808295195566572588e-01 5.271523809244246905e+00 -5.782887677973144180e-01
8.786560131513539318e+00 1.089502306262299242e-01 3.381573228766111772e+00 -2.275341276961228842e-01
7.610962459619823761e+00 3.130462446873201743e-01 6.005654672168163621e-01 1.346419417400314122e+00
2.204740304517393279e-01 3.092580677297233627e-01 3.251699316300413312e+00 -7.492283419726385348e-03
1.564482579216328606e+00 2.587074862022255228e+00 4.679146709893555744e+00 -4.045197453406111698e+00
1.835960115459262243e-01 1.361528284903161579e+00 2.815116391345175995e+00 8.016760626747729268e-02
1.108787509876747596e-01 1.736063360761235019e+00 6.188955162458856130e+00 -1.811176846902231435e-02
1.477345401508520784e-01 8.204740213325477427e+00 6.308074665590525099e-01 7.149068426400660980e-01
2.837786150664711293e+00 1.301016692224344684e+00 4.670286066375020972e+00 -3.688735306194168562e+00
7.191495946914902015e-01 2.153503349475873296e+00 5.054860837914364247e+00 -1.458754627502973245e+00
1.334556497196617952e+00 3.901820660100114413e+00 2.565467362653842454e+00 2.836772133288865572e+00
1.826626708956492706e+00 5.111654962588958462e-01 2.109645945456609439e+00 8.014016417969502815e-01
3.104277917086331606e-01 1.914514088711142259e+00 6.067313148764311492e+00 -1.273026555634586554e-01
8.909302042280994982e+00 2.508510827065781434e+00 1.536256282061592593e+00 2.233575056923262991e+01
5.076477613617725204e+00 4.727442872077642910e+00 6.184382836122757965e+00 -2.367280655443281034e+00
7.225589658192583364e+00 1.643635502174668028e+00 5.198408617079635974e+00 -1.050095721594241382e+01
1.762729829099749068e+00 4.483863101362786097e+00 1.957336792079916732e-01 1.537188109592114715e+00
2.701811875971181109e+00 2.825583578584323075e+00 6.090749938076824854e+00 -1.460038893416213623e+00
5.782071870521320101e+00 1.434814481851292234e+00 6.205178697298719293e+00 -6.465023421272313442e-01
1.545217541525721605e-01 2.290900914672698019e-01 5.133019450605189604e-01 1.738310098958287600e-02
9.142305450347070206e+00 9.253596059020670062e-01 4.376431455119668357e+00 -7.986968940243484916e+00
6.791197963189580911e+00 6.291465228418070543e-01 2.986648530700216853e+00 6.593775738355444060e-01
3.817207242408714452e-01 3.979421844507554651e-01 5.232339017950469184e+00 -1.318279158100800486e-01
2.075902516063784287e+00 1.704588740000884395e-01 5.372810777392113657e+00 -2.794519594842268528e-01
3.127085613889950100e+00 3.344167374987244035e+00 2.799967048890635191e+00 3.503462480885246144e+00
2.719497166159161150e+00 7.680142468604415074e-01 5.348383444041028056e+00 -1.680249973130156560e+00
2.006326986492929787e-01 3.214941618638168741e+00 1.506149155212781476e+00 6.436750251513519983e-01
3.760747703245392315e-01 3.080908071572989293e+00 1.249994818711232858e+00 1.099540840038264022e+00
8.341401948382513254e+00 2.967770716711203849e-01 4.907487974161470312e+00 -2.428572154707276720e+00
5.339544207636546247e+00 3.693566111314550149e+00 1.178115083532967761e-01 2.318102733566585361e+00
4.264499696813852103e-01 2.181036522637955777e+00 3.580338733772770343e+00 -3.951120567965098473e-01
1.061497312697729789e-01 2.883296449337759970e+00 8.735785495623376029e-01 2.346361384094676483e-01
2.203754193493247193e+00 2.138008879619633262e+00 3.711418159021055097e+00 -2.541862989153824692e+00
6.046985224863060893e+00 3.153753144975727785e-01 4.019405920507774788e+00 -1.467192297838556092e+00
6.050600876967087149e-01 9.745510210533578910e-01 3.809789229653167908e+00 -3.653376741567814778e-01
7.215455054661389589e+00 2.385289853183758246e-01 3.205646390066462903e+00 -1.101672067480013451e-01
3.696839277773491528e+00 3.727810820256762803e-01 1.556683945725092499e+00 1.377974516436031305e+00
2.022911145423506252e+00 7.831142558665448172e-01 4.613180491917440840e+00 -1.576380988343204281e+00
1.203583832776056184e+00 2.203985708020684608e+00 3.092849997854505428e+00 1.292475514263324854e-01
5.196600683328430392e+00 1.117959506594113778e-01 3.210083555421301860e+00 -3.975929772965548781e-02
5.065522841158360379e+00 1.900860145861816175e+00 3.975192714143470418e+00 -7.128778940188626123e+00
1.549320287974497168e-01 1.279000848823680370e+00 3.236067723406967911e+00 -1.869317267732183499e-02
5.368781546138355898e-01 2.215137800768009479e-01 4.124254076055362539e+00 -9.894360946445542038e-02
1.928418039149787377e-01 1.132302082887919475e-01 1.792178122292801490e+00 2.130262114058551620e-02
7.001758767361663693e+00 2.024362724820180648e-01 1.869428881414203936e+00 1.354674961290453394e+00
9.069974481568332525e-01 2.180230028112012608e+00 3.404452677711380382e-01 6.602884402852509105e-01
6.664019219634876201e+00 8.128317418268411032e+00 1.634098957780691919e+00 5.405876958133863042e+01
2.262773578261500496e-01 2.676429909914123773e+00 3.023041942763903478e+00 7.162809102734393751e-02
1.832276178276302847e+00 1.228186558771083570e-01 5.688264830168211716e+00 -1.261207788201341162e-01
8.364102803318606005e-01 3.472754468800525185e-01 3.565320466488272277e+00 -1.194279055058193317e-01
7.080294063926680925e-01 2.039584104536206199e-01 1.854934245526745018e+00 1.386183002677882359e-01
2.849175870314835102e-01 6.285426103953748456e-01 2.912644022234506469e+00 4.064351678851211430e-02
6.502582314267031371e+00 1.012055737729247035e-01 4.962301496761798880e+00 -6.376531555522473305e-01
1.213997236105312405e+00 7.880131531023613078e-01 6.141224765105542105e-02 5.871284635147000497e-02
1.095286875337602606e+00 4.865480140999026148e-01 6.045684052659390240e+00 -1.253801912303677268e-01
5.362908877347737358e-01 4.066954369775844569e+00 5.429373712640412464e+00 -1.644070340028880084e+00
3.080798659399764383e-01 1.969672784362146156e-01 2.254801949900783864e+00 4.703118021155167083e-02
6.660630534254890378e+00 2.920922678911928472e+00 1.629312492050125405e+00 1.942188762957368908e+01
7.086303795765981350e-01 3.929539296609918075e+00 5.233804455353978646e-01 1.391768919751332989e+00
7.084738647956099200e-01 2.584593855135549623e-01 4.084591491378521511e+00 -1.481965529448674157e-01
1.803562523680024343e+00 7.500019718346473407e-01 2.990028230838718493e+00 2.042334388326393357e-01
2.126698139575839974e+00 5.191412136280774137e-01 7.534018637179230871e-02 8.310116623201033170e-02
1.939287472210977359e-01 9.677900266116845174e+00 1.569581248912813143e+00 1.876821688854763748e+00
6.155166544025434394e-01 2.727593596743602133e-01 7.971218227713446902e-01 1.200982732483678317e-01
1.032838194118282482e+00 1.055888143726086276e-01 1.448870567635455409e+00 1.082465555770983356e-01
4.279931307530203455e+00 2.671155240233742956e-01 3.452033432597599871e-01 3.868574115064355445e-01
3.412524048820309019e-01 5.269589803103915671e+00 4.249709894954308176e+00 -1.609190951520058199e+00
1.612736390226973793e+00 1.322450461280389122e+00 3.916035597109531530e+00 -1.491480230254670136e+00
3.024336932227603136e-01 1.069103976777600939e+00 4.663803472302724629e+00 -3.229515170097638221e-01
1.984210163392598592e+00 7.058704544506668732e-01 1.947542247414324468e+00 1.302366987112365093e+00
4.437164117940268770e-01 1.648256132572824217e+00 9.399925134851991881e-01 5.906110876324717207e-01
4.292121505216212718e+00 1.352253026031861483e+00 3.934526901851446379e+00 -4.134883809516611386e+00
1.408224771572383682e+00 4.066651080741378599e-01 3.852557270878222972e+00 -3.737082329963988259e-01
1.122572154767647490e+00 1.178664082584255590e+00 4.263185911616135471e+00 -1.191871778176157637e+00
6.159877657518828542e+00 2.413338960203274208e+00 4.528763087421783240e+00 -1.461594894910379416e+01
1.341745151493275168e-01 4.334747773895675227e-01 3.546679095198122855e+00 -2.292125150362427088e-02
6.299295145451028199e-01 1.043782884708494452e+00 4.187609037440577886e+00 -5.690313449573903837e-01
1.966414133459014613e-01 1.744314764080701630e-01 2.677704673155293147e+00 1.534700246361323656e-02
1.272197460747919173e-01 1.055256030601387396e+00 3.237314775661832567e+00 -1.283102237504944558e-02
1.634410734588242209e-01 1.199736787190606613e+00 1.436496581049846177e-01 2.807095075705576259e-02
1.215358908278746819e+00 1.643507925939187431e-01 6.154331528479263014e+00 -2.566676048667572083e-02
6.336377646550514164e+00 5.544449667615068300e+00 5.196762840858624166e+00 -3.109040800074565425e+01
2.809754234999161326e+00 6.654866386297689784e-01 3.704246438743903802e+00 -9.974413233235196463e-01
1.622055999993106346e+00 1.380700581246414316e-01 4.021978233349228660e+00 -1.726676566989045758e-01
9.362927299950420945e+00 6.002769751523281627e+00 2.341895398993826483e+00 4.030606419008600483e+01
5.267253160965799985e+00 1.225289106493609725e-01 4.600287544545787810e+00 -6.413398103624358138e-01
1.033767351557100256e-01 4.859074830725299776e+00 6.046101126318305319e+00 -1.179784782091342632e-01
3.941794862422537959e-01 1.240712054331233327e-01 1.139868701015677166e+00 4.443524226822125750e-02
2.928912462493794333e+00 5.944715270333984503e-01 3.478262295780469859e+00 -5.751828067203144101e-01
1.459427263192873969e+00 5.662868875718742423e+00 4.360082082096911726e+00 -7.756930110357071584e+00
2.892634123315002137e-01 1.383220291728105289e-01 8.922911709423301252e-01 3.114942645486178802e-02
4.677130173999757279e-01 7.635389416668423301e-01 3.773622855898122186e-01 1.315868064889760547e-01
1.835760098580469624e+00 1.954304977556899914e-01 1.131396992163266946e+00 3.246836122540850411e-01
3.345806684110097518e-01 1.856232308343268134e+00 4.660574115901979120e+00 -6.202259289142784127e-01
6.338332123042749622e+00 9.674654704063695432e-01 1.285735989628160159e+00 5.884653947151782916e+00
3.943407255856075100e-01 2.648624951086073764e+00 2.997421022340404306e+00 1.500604913165624332e-01
4.149679214926152326e+00 7.945625740081755595e+00 1.086952335092589372e+00 2.918707405349921657e+01
5.610167563427364001e+00 1.431677087915356639e+00 2.589990069374783932e+00 4.209165023340584177e+00
9.155097779725644980e-01 3.727614965800857827e-01 1.144090782819735808e-01 3.895889781625302278e-02
3.414413962964247595e+00 5.528614645825151719e+00 2.089648596438387962e+00 1.639255892238887213e+01
3.068954482045359367e+00 1.176418005555666335e+00 1.081308850260048748e+00 3.186421432267922071e+00
1.684550800320643305e-01 8.133898824663604588e-01 5.764421544909972717e+00 -6.793529553124819098e-02
2.352627599722829199e+00 2.903947253209043788e-01 3.012010766793731698e+00 8.828158517953152429e-02
3.106271110443237782e-01 1.352642869315759389e-01 6.219879266719142485e+00 -2.658138057832115826e-03
4.316750954615621305e-01 2.436559126849668910e+00 1.274158646782464155e+00 1.005864152124914090e+00
2.701945189454974638e+00 1.648187492328694048e-01 3.895850914516565844e+00 -3.049397971297122534e-01
8.023548702842054681e+00 2.848724428524231467e+00 1.536030266141944489e+00 2.284306726986758562e+01
5.608258222037872942e-01 9.407276769700461116e+00 2.302441127600919568e+00 3.925631479658679091e+00
5.942177466765956595e+00 4.176806140026034231e-01 3.378081900914872815e+00 -5.814945103284503425e-01
2.498903817323315124e+00 2.105513808150935695e+00 2.053035354992822636e-01 1.072627381489240639e+00
3.939625284412366923e+00 2.168036252814377063e-01 2.869086037645317333e+00 2.298846804638315922e-01
2.929156952389541657e-01 6.222807010472382050e-01 5.190929134445162241e+00 -1.618003997189613186e-01
4.703278905122718179e+00 2.063027683234991971e-01 4.657128996027675605e+00 -9.688183501123522889e-01
1.641053784351938827e+00 2.933675259394161738e+00 4.353567099306754784e+00 -4.507700669845879027e+00
8.586294454528464737e-01 8.449960214464393715e+00 3.083202658436357879e+00 4.234011889239711612e-01
2.920494241246335498e+00 7.170632607842829742e+00 5.908049294047337696e+00 -7.673053188526334445e+00
2.590001316689618083e+00 1.799285833000174306e-01 6.040446052446523773e+00 -1.120125823960089750e-01
7.944353659304714821e-01 9.624107856775060421e-01 1.142292585192947518e+00 6.954469414928990956e-01
7.057587060349664876e-01 3.283397657665503289e+00 5.292077612035280154e+00 -1.938718913135891730e+00
1.763116337592037786e-01 1.746329630242486608e-01 2.099155093529254945e-01 6.415899099368825749e-03
2.836271834660874624e+00 1.905533901865836377e+00 6.452423420061601522e-01 3.250290913970106832e+00
4.516954617241885295e+00 6.568112394276127475e+00 3.578657920540512460e+00 -1.255788624763573047e+01
1.371509649098159866e-01 1.829726428014615935e+00 5.769938290948515736e+00 -1.232179629129873111e-01
1.853221926652512952e+00 1.570994344695103795e+00 2.930308493021680505e+00 6.105664647141562096e-01
9.042925867771729465e-01 2.108929259934368694e-01 4.204794296903349604e+00 -1.666636060729104196e-01
3.150484324292619487e-01 3.818940520256962401e+00 3.438342923603062484e+00 -3.518183415948129555e-01
1.561900707357344098e+00 1.471874110916404632e+00 1.387124296478360996e+00 2.260252576840128036e+00
9.316349783170159160e-01 5.370199573935494186e+00 3.492633486155811706e+00 -1.720430996811868951e+00
9.147779558702287872e+00 8.714665804250099068e-01 9.696946093192468918e-01 6.574599281486734448e+00
8.873774360418572593e-01 2.914150027010700583e+00 1.461486768874533937e-01 3.765893431765188204e-01
3.688736034194105007e-01 6.535838781609872861e-01 2.915251838194445444e+00 5.410373775473913821e-02
3.813778497698991909e-01 3.842674600314979760e-01 3.183030227543572899e+00 -6.070984211790208390e-03
2.430643681570434644e-01 2.138355019045324878e-01 5.949831879828274772e+00 -1.700719014127309928e-02
5.068684555501349109e+00 1.870459783625775696e+00 3.523897430511523932e-01 3.272209151611125133e+00
1.791728366574173670e+00 2.562830512782134917e+00 4.681748330665878477e+00 -4.589740747615590699e+00
1.076900975032067942e-01 5.795821636456698345e-01 2.320357086881511766e+00 4.568723368751302638e-02
2.332253153132430423e+00 1.082120337535031451e+00 2.232460835244854724e+00 1.991187090602636767e+00
8.100882132850709683e-01 6.914390932375924947e+00 1.243730942839314624e+00 5.304339031283887174e+00
3.055287096044597916e+00 2.282257112216247386e+00 9.621420850836948091e-01 5.720735781175548595e+00
1.787215712310740168e-01 9.318994387883616781e+00 4.929714309285559537e+00 -1.626328720886715651e+00
5.853217776082648705e-01 7.015245959799508491e+00 2.317294717143663085e+00 3.014225762400675634e+00
3.433861639894315032e-01 1.067381348858603474e+00 5.715360023039941062e+00 -1.971165556979650735e-01
8.219427757513251276e-01 1.735844285798972542e-01 5.746272438227219226e+00 -7.297697074220432789e-02
8.306860744781963124e-01 7.224136371648637756e+00 1.771931638684572263e+00 5.880011904149450963e+00
1.908019603243713558e-01 1.044235279984221609e+00 2.546016028942667653e+00 1.117720885659471003e-01
6.895518548918752266e+00 4.574730114109858969e-01 3.772301959069245925e+00 -1.860272677441775047e+00
2.130216511593905349e-01 1.298303401390512146e+00 1.705668011722750066e+00 2.740551191969475830e-01
6.395907566299800173e+00 6.862245970172404341e+00 7.141204684525561674e-01 2.874607924102099332e+01
4.466493850690057554e-01 3.006455494010140672e+00 1.369440071517695534e+00 1.315701239198039163e+00
1.609188715211570531e-01 1.496525950665963167e+00 2.452008454667155668e+00 1.532131774002254698e-01
8.858084795612693796e+00 1.890814431533685003e+00 4.740632844482704833e+00 -1.674231454207892611e+01
9.337425311203160661e+00 2.846721453510094868e-01 1.372471708266058688e+00 2.606000853816509810e+00
5.004572469887030861e-01 2.670613815299958116e-01 7.549513051183773804e-01 9.158601211214312254e-02
8.664683233099276238e-01 3.451564458739809549e+00 2.890574938690571027e+00 7.428525601638872322e-01
2.448887683075754662e+00 4.362302890645536557e+00 2.752867684112609403e+00 4.048871554152274399e+00
1.079378518998721725e+00 2.496697195984876883e-01 6.052398374263606051e+00 -6.164370249032377624e-02
6.980600011200316146e+00 1.861838738939212146e+00 2.484395848158017284e+00 7.939714777394168976e+00
1.479167004760650217e+00 1.983993816405491550e+00 3.846780282026280862e-01 1.101261929020113328e+00
4.651095380850662209e-01 4.868659149679964715e-01 3.936777936564739733e+00 -1.616809229737119213e-01
1.649666256766961769e-01 7.890191468086430460e-01 5.925057535281039733e+00 -4.562450615530250914e-02
6.501326755178891137e-01 4.063946204636433635e+00 3.161638808854244864e+00 -5.296048422248070264e-02
9.081853990469037186e+00 3.603117597022450713e+00 3.593871117524031877e+00 -1.430047058576259822e+01
8.915621921056978039e+00 4.393778880753428928e-01 9.509999542826457208e-01 3.188691570656247531e+00
5.424613274321970380e+00 6.834470003660721993e-01 1.726270307782048929e+00 3.662717495539655754e+00
2.628798964738556232e-01 6.062703016745656370e+00 3.905209607937547567e-01 6.066979892769688298e-01
3.582809418300365589e+00 2.497282674315341566e+00 7.969099363511809031e-01 6.399098519069840840e+00
5.904524982816217182e+00 4.892308719451913257e-01 2.440156855737261488e+00 1.864106416707183023e+00
7.436544980401830207e-01 1.439587080033468691e-01 4.687399470529912904e+00 -1.070221156915567295e-01
1.127361836051139626e-01 7.875847086632945526e+00 3.710355136606561466e+00 -4.782100552089140200e-01
1.964047083659948845e-01 5.215858727132095751e+00 3.637028696299092090e+00 -4.870245773692367663e-01
6.649590080124768043e+00 3.996252294999672605e-01 8.396552952623578259e-01 1.978161385723485877e+00
7.905411515036239400e+00 1.064773476206587466e+00 3.165565209334495922e+00 -2.017690018826730214e-01
6.952580162527046692e-01 3.694980078031971926e-01 2.678458453592080790e+00 1.147696021536200456e-01
3.884832562248569321e+00 2.547162149256053443e+00 9.206311359367589375e-01 7.876497431876067878e+00
2.689953743462665803e-01 1.419293553055661627e+00 4.238939984901223035e+00 -3.397876028635777867e-01
1.823794344709926962e+00 4.476225608143180601e+00 5.911677338056066766e+00 -2.963599484192624089e+00
6.271082443802035833e+00 7.150511093418350228e+00 4.419459508498684741e+00 -4.293129213281410017e+01
2.474712980669546258e+00 3.923963123715851431e+00 5.562901938911095634e+00 -6.405143666507754574e+00
3.696570691479139081e-01 7.446762777143970391e-01 5.072754262810230230e+00 -2.575934185781448282e-01
5.726235178759330857e+00 1.731024526899032911e-01 1.186613015440540542e+00 9.189698217949778813e-01
1.005849078367984983e+00 7.996668895310596881e-01 9.127877938088687845e-03 7.341853760215961977e-03
3.467403591827127318e-01 3.045706297466825307e-01 2.881985154579894903e+00 2.710942798204866305e-02
1.324325548664995189e+00 4.659729067514757350e-01 1.900168354337911536e+00 5.839280235930273122e-01
2.554038076721126260e-01 2.866856612610421129e-01 6.222910149272480318e+00 -4.410711911016572395e-03
6.781877060089816389e+00 2.042538508358934468e+00 1.423117931249203050e+00 1.370146820393769893e+01
2.439748210138494411e+00 4.936056984560791783e+00 2.088384103906744116e+00 1.046532127497598452e+01
1.336473486913325182e-01 1.903022246841122200e+00 5.996917584166440385e+00 -7.181722613585023174e-02
9.161714826180120674e-01 2.892005941825487314e-01 3.994357477314036120e-01 1.030415294183399944e-01
6.662832680838480792e-01 2.052565946287804532e+00 1.444381016044539168e+00 1.356677276636095053e+00
7.168371029374314141e-01 8.200585675777231076e-01 5.372869166619993031e+00 -4.642225533335769261e-01
1.145313132368618037e-01 2.211197455905500764e+00 2.453898317028215814e+00 1.607531315570833452e-01
4.496526973123903481e+00 8.869023777647598195e+00 5.067606302993050704e+00 -3.739014542355047865e+01
7.063888207536385799e+00 4.299216934910857213e-01 2.482861084164039056e+00 1.858941440144337820e+00
5.467509824040403643e+00 1.477123879765158687e-01 3.073021106541984793e+00 5.533629008598917043e-02
4.239817038780674952e-01 6.137520729420531396e+00 1.490998200853855815e+00 2.593915835403107994e+00
2.133229203715812261e+00 2.208928594377907451e-01 2.936092670759320455e+00 9.615457357420059692e-02
2.035157836026097122e+00 3.939323303215721550e-01 1.505487554655426718e+00 8.000053259446370246e-01
1.596916254664107193e-01 1.058121234529655619e-01 2.692271074361437311e+00 7.339423510674418852e-03
3.051624428906006603e+00 3.576559948139295120e+00 5.147151555339989137e+00 -9.898959498029551440e+00
8.919594957282772185e+00 2.865874412365077450e+00 2.816533907745088605e+00 8.163734407576288987e+00
4.281463012941418844e-01 4.442940240601364610e-01 2.835647277995376539e-02 5.393326018171566184e-03
5.726652238578834542e+00 1.114683287440798809e+00 4.215950702386973781e+00 -5.612828254598795752e+00
2.648210215920275279e-01 2.851234116149777842e-01 4.258862077262570267e+00 -6.787350904189026757e-02
5.463787264581833059e-01 1.006073356951677489e-01 1.302144555246630316e-02 7.157648314181165638e-04
6.120091442479402843e+00 7.410155916516617536e-01 5.261808944278738132e+00 -3.867643906119526687e+00
4.362830425446428073e+00 4.028422742448681815e-01 5.457952449934803774e+00 -1.291269289948566046e+00
6.862400185650547879e-01 3.556067998361678306e+00 3.589268408466863125e+00 -1.056343323919318955e+00
6.913880542415882235e-01 2.024840505366967136e-01 4.850144433926371623e-01 6.526865313270292790e-02
4.197081201243830773e-01 2.958320374538919162e-01 5.256339380529209571e+00 -1.062427649940437951e-01
3.918671442301746022e-01 4.779596393011533273e+00 2.639489733518373349e+00 9.014026575777593919e-01
1.115176745194832869e-01 9.051977450303655415e-01 2.138557153435874270e+00 8.510791722974031526e-02
3.597347384339317222e-01 1.001430396514521259e+00 7.463377964313083757e-02 2.686181317127636289e-02
7.377904704572035843e-01 8.299429210014531932e+00 3.630976511199380585e+00 -2.878425759342005286e+00
1.785330773224718337e+00 8.928901809446728732e-01 5.764281190565757385e+00 -7.905622586882173897e-01
1.701609722388791601e-01 9.352672047629502217e+00 1.348777430790300436e+00 1.552397194263343660e+00
7.461175639343464283e+00 2.043890013502506486e-01 5.732899184000356918e+00 -7.974606918072492112e-01
5.035633164100342896e+00 3.119884435774629150e+00 6.352029543984369919e-01 9.321737627504514734e+00
1.158803185131630498e+00 2.467412988593263301e-01 4.513848529137505228e-01 1.247237725018554289e-01
1.881404873810265943e-01 1.323817292408677460e-01 7.973569323803499920e-01 1.782080524320353923e-02
7.105823504779441357e+00 1.234023399786808861e-01 2.616039860496958802e+00 4.399206595603769032e-01
8.725595171905825564e-01 1.959376458621031325e-01 2.989561320600047534e+00 2.589236647524843782e-02
5.464964742325378877e-01 4.433842463781176413e+00 5.583124067627335485e+00 -1.561104016431541286e+00
1.255548211873463549e+00 3.150654905645233761e-01 2.679689801506576430e+00 1.762911209679023927e-01
3.655578688559338651e+00 2.626022305299795523e+00 1.852837322515317853e+00 9.220343951822643547e+00
1.205825989751515115e+00 9.409940141931046886e-01 1.293352414397547223e+00 1.091283575465823219e+00
3.725567383644268649e+00 1.249051593566287144e+00 5.189291280090005287e+00 -4.134201821966883905e+00
5.155324520339202188e+00 6.970608924054939592e-01 5.186728770795125953e-01 1.781435794942768158e+00
1.499960496089349504e-01 7.556451003229462948e-01 5.062880242922115137e+00 -1.064529481309323400e-01
4.283107418946178191e-01 1.530139845483411642e+00 2.982791157995191789e+00 1.036377101814961316e-01
3.406368039212269161e-01 9.291942899381110621e+00 5.922188680356695656e+00 -1.117962291782478301e+00
5.713337528776076812e-01 8.446934147398183157e+00 5.879567651177693755e+00 -1.895408513925692873e+00
2.893833736690305081e+00 2.960984043874823057e-01 8.083009984503298773e-01 6.196077127456195432e-01
5.304262504337275974e-01 3.593300142576210110e+00 1.267107964988548330e-01 2.408625926675433682e-01
1.355740308238206071e-01 1.634942622793299216e-01 4.013417419001305220e+00 -1.696784432390930838e-02
2.527479170848557222e-01 6.451960598409562930e-01 3.770564016100689031e+00 -9.593739964210218352e-02
2.089645482584035818e+00 1.244303915777973613e+00 4.851792465427199552e+00 -2.574930117003540353e+00
1.512595933121043956e-01 1.998013762111700842e-01 4.175238047947799735e+00 -2.596572846104258647e-02
6.423386769280560182e-01 5.651119446968700943e-01 1.246072547967288502e+00 3.440228282811421123e-01
5.870768882393259114e-01 9.138185413961561920e+00 3.658891016087367554e+00 -2.653083533963211504e+00
9.295650184391659465e+00 2.087975372331504209e-01 3.675625596837567510e+00 -9.879398333807406507e-01
5.041669620727802226e+00 3.585610430463569975e-01 1.171771039135964358e-02 2.118216307125155712e-02
3.400933218966859517e-01 8.262832149963006412e-01 2.840327584177229969e+00 8.338469602645226519e-02
4.291726358409436726e-01 2.197983734293888158e+00 5.828825569541644214e+00 -4.140085543302692850e-01
5.532023572506520992e+00 6.410433211245652352e+00 4.557309343783196631e+00 -3.503708843498237258e+01
1.582094660496637939e-01 2.648156028948790430e-01 5.405503922014974982e+00 -3.222915383467580414e-02
8.143097010149511483e-01 1.217972020552030576e+00 5.569617067907597807e+00 -6.491726499537289197e-01
4.334753618633011008e-01 2.500599317781633690e+00 1.953796868454007685e+00 1.005413431575093552e+00
4.986948320248275834e+00 5.531704455621433425e+00 5.624458452919119722e+00 -1.688588093527619449e+01
9.356837196979875815e-01 1.342531726083133481e-01 2.714935385639804188e+00 5.198471343141925632e-02
4.406709923222145164e-01 1.844629587019388728e+00 8.790204256967663055e-01 6.260065283194480301e-01
8.097932212314482570e+00 2.460989734960590258e+00 3.655433637557429893e+00 -9.795583004450051590e+00
4.679771535791429571e+00 1.820515553877944115e-01 8.615617815270058821e-03 7.340068248499281856e-03
1.854867823297299545e-01 7.109101034042969225e+00 1.705006548072087069e+00 1.306786128365106547e+00
1.686122399788368309e+00 2.072755375370653463e-01 4.438855064617256652e+00 -3.364986116238924962e-01
1.578434495568920015e+00 4.079352458198866604e-01 1.904345343793266032e+00 6.084114387508626765e-01
6.224183244689364125e-01 1.419408263368402867e+00 2.855528222951867701e+00 2.492952815696070634e-01
1.414205121151552724e+00 7.695988002834902808e+00 4.994675242362986545e+00 -1.045294061095905036e+01
6.739119989070264438e+00 2.928156223021386229e+00 5.687989152350747091e+00 -1.106383453986124898e+01
5.309198695165427972e-01 2.394396072561869038e-01 6.209906794239325123e+00 -9.307067712689428771e-03
2.880855244998252296e+00 1.930670417170210207e-01 3.050037865470383469e+00 5.085149688871429263e-02
1.104295204896667659e+00 7.325192450467381544e-01 5.258357979985452069e+00 -6.913207396169626096e-01
4.916622216488612196e+00 3.103381954494635497e+00 4.862987644359894723e+00 -1.508545626431071263e+01
2.039863443726608605e-01 5.526348536182884352e+00 3.718165000367965156e+00 -6.145514762823723887e-01
2.533090371453860179e+00 2.401209691964273918e-01 3.461364809260664810e+00 -1.912029619597774011e-01
2.150082434638702356e-01 2.131346041580204353e+00 1.259166864192574398e+00 4.361851244493410440e-01
2.648627042812035093e-01 1.059016455938842638e+00 4.675376372262360469e+00 -2.803018553407755076e-01
7.060765868541626133e+00 3.674678737413772378e-01 1.530702960296657089e+00 2.592519515063143931e+00
2.078495599808832583e+00 4.992918328947653639e-01 1.713240909326298578e+00 1.027265193457709280e+00
9.220623712874623124e+00 5.489228108868219103e+00 5.950759193377018974e+00 -1.651726990698612596e+01
8.667023697591737630e+00 5.096793134846898887e+00 6.171625021816011802e+00 -4.917851198696508774e+00
4.790688226186800569e-01 2.226692384968962657e-01 3.834749951087434106e+00 -6.816131502190089786e-02
5.417110028002919186e+00 6.869522268063089632e-01 6.060075194982131208e+00 -8.233877262555105991e-01
1.886914954376379405e-01 3.602063937810082273e+00 4.868614317939200298e+00 -6.714014449303835619e-01
1.009447106059812582e-01 1.495231957100339459e-01 2.931233149956258277e+00 3.151712066202669305e-03
1.200872955917373641e+00 1.830510172977060757e+00 1.088546274220089316e+00 1.947512318750552751e+00
6.623502655776102310e-01 3.089707378276511651e-01 2.704417181898062239e+00 8.664384856555804038e-02
4.217056224816300158e+00 4.082401005772640090e+00 1.672826900244398285e+00 1.712618244261044609e+01
3.310624434442175357e-01 3.888046046331777639e+00 2.778535336136043199e+00 4.571234135997526149e-01
4.432906542327167188e+00 5.739652733348996172e+00 3.936606251593715466e+00 -1.816331966012773336e+01
1.149819372300275866e-01 6.050510499556231103e+00 4.893380635695377734e+00 -6.843356369833355490e-01
2.837511448326444530e+00 1.518281300564807146e-01 5.776335628418349799e-01 2.352429864008747373e-01
1.200445243218177666e-01 1.999726115627339096e-01 6.247143723799011283e+00 -8.650131447609516865e-04
4.644065163683751551e-01 1.057016296314884363e-01 3.812805629684131059e+00 -3.052993533656684147e-02
9.219389439782975870e+00 1.163082750523338899e-01 3.003067340722605394e+00 1.480648805015143954e-01
2.106921871412836822e-01 9.794996649466118921e-01 2.870775481351050207e+00 5.520866130815651335e-02
2.367126905414734139e+00 9.970547777582826621e-01 1.379833536704307750e+00 2.317252168074632301e+00
8.169927216170208339e+00 7.249810165333012257e+00 5.851552942916502076e+00 -2.477928427401032252e+01
1.076327094121177552e+00 9.001454131791111202e-01 3.880477998325825073e+00 -6.524865443849693358e-01
6.801514405817279396e+00 1.781849541424086691e+00 5.814963173741164226e+00 -5.469434783828824642e+00
2.922273252991136050e-01 2.854998990555649430e-01 3.150508404127150275e+00 -7.438389859507827436e-04
1.682346001016885306e-01 1.400604781435774937e+00 3.789311477480170609e+00 -1.421719081236323678e-01
2.115584227909169002e+00 1.662110040818931544e+00 4.984691711818674875e+00 -3.386771412660318781e+00
2.484206430938918242e+00 3.656373731745126143e+00 4.651053997432816445e+00 -9.066107109103050732e+00
9.875607362893676466e+00 1.097620037498518442e-01 4.948980732315837017e+00 -1.053769836572095331e+00
7.201529689434714721e-01 2.387720428504426784e-01 9.388809775823890869e-01 1.387479768223371379e-01
7.147223855991748920e+00 8.183203860678437636e+00 9.458703538852045734e-01 4.743348706159078887e+01
1.764443284095537912e-01 6.583653600836330888e+00 1.785121693095796935e+00 1.135069944027908839e+00
2.966510990517401414e+00 2.203062269316327093e+00 1.526749529735252020e+00 6.529069720254420339e+00
3.219332394672189679e-01 1.092272028191765276e+00 2.975529640982288893e+00 5.812615848127906243e-02
6.591929350041066726e+00 1.462111012378915498e-01 3.353429809408501883e-01 3.171842566395591256e-01
1.007138685904297448e+00 9.919617127268494094e-01 1.220349783126070342e+00 9.383206821509730844e-01
8.470817685840803080e+00 1.069689851540112785e-01 1.643130745826561379e+00 9.037452869564233104e-01
1.465413026962915644e-01 5.715047120805858416e-01 1.587107313015493570e+00 8.373790460802041369e-02
2.040273961490683963e+00 7.608967728859369339e-01 1.622450259657467697e+00 1.550367281462329716e+00
1.554081867347612889e+00 4.715309610686239106e-01 2.667463358229535508e+00 3.345690292378196151e-01
8.543426478085284215e-01 1.085751343727640872e-01 3.009926313725571401e+00 1.217815999946344867e-02
1.069386071128440308e-01 3.543898554821590663e-01 5.584166870706094521e+00 -2.438607123005571975e-02
6.395549516786244837e+00 1.926883798963064276e+00 5.175809950896289813e+00 -1.102370504331615209e+01
2.454802027581472590e+00 2.981714003381475409e-01 3.185544171337730379e+00 -3.216003423802101663e-02
9.423529798853703454e+00 1.563435636588105526e-01 5.111100842382833243e+00 -1.357744665271905626e+00
2.938642911514759870e+00 8.260524256169189172e+00 6.048354898490341469e+00 -5.648197138161185293e+00
2.439300689621341167e+00 3.872475679456880981e-01 4.889333061514442136e+00 -9.298642550587785660e-01
2.878062303980049474e+00 1.559329748805497129e+00 7.469463072054407515e-01 3.049049576819652607e+00
3.790510246642563086e+00 2.870256324197924869e+00 1.479863570998590783e+00 1.083478599758836403e+01
9.580200983043802410e+00 1.366064031668273171e-01 3.229057589237363413e+00 -1.143209389233163648e-01
2.626260258609727227e-01 1.813427581303913294e-01 2.485110855456462264e+00 2.906734310965863877e-02
9.632475424764230354e+00 1.408924301910527088e+00 3.937955632020606611e+00 -9.701093585353051552e+00
1.035726918873994540e-01 1.042210843844775109e-01 5.687909717601616677e+00 -6.052851735080957626e-03
1.653929147078605277e+00 2.805023300715172141e+00 3.923681658449091003e+00 -3.269613821620675154e+00
6.635027154525462434e-01 7.796841622749971279e+00 4.476216326294106373e+00 -5.029620097447029536e+00
3.133428135902345812e-01 1.939046451142462990e+00 6.690154561108433429e-01 3.768334987453689222e-01
2.011606424944351268e+00 7.285699516746747539e-01 1.895742451723341437e+00 1.388898320375410833e+00
5.891891211392910499e+00 1.227889031830856070e-01 1.209166611189826934e+00 6.766666070527599386e-01
9.547610236582322329e+00 1.124207714154870530e+00 5.500145336867614532e+00 -7.571809438547290050e+00
2.594017893793723939e+00 5.411863964494286749e-01 6.420581674651588688e-01 8.406869061362278739e-01
1.380394686901380008e-01 1.418986697653001894e+00 4.247742952753559287e+00 -1.751094250903606486e-01
1.291182187988551278e-01 2.907551158177955064e-01 3.582327497638047475e+00 -1.601548221043351886e-02
1.410578887021650241e+00 4.785309190557960335e-01 3.230421675182546526e+00 -5.988126565479455488e-02
6.902841926526636307e+00 1.747746415513301843e-01 2.193249150553891802e+00 9.801745830889404543e-01
3.529278546169707820e+00 1.072944470947568174e+00 5.112401802775788262e+00 -3.487781089032296666e+00
7.943531584745112673e-01 7.757608578673783839e+00 8.274324662053932355e-01 4.536647606911153652e+00
2.155883703498591153e-01 3.231907977923505815e+00 5.944764938730762616e+00 -2.313231473589816845e-01
5.676462134026419193e+00 1.091109071923201113e-01 4.986211809534659700e+00 -5.962890267502117814e-01
6.870515855797736382e-01 8.609017548309618739e-01 1.011140235559623735e+00 5.012457930473563916e-01
5.655898775270738810e+00 1.699044032485419908e+00 3.678603524328765140e+00 -4.915992852142958114e+00
1.604024156078246721e-01 1.180077756613552575e-01 5.063435475969447985e+00 -1.777433244812414229e-02
6.348277344796811050e-01 4.013054043076187960e-01 3.587417555607616215e+00 -1.098530117641569187e-01
2.189849662761045035e-01 8.711833865478126881e-01 4.102895443433483003e+00 -1.564245541244197735e-01
3.456811708743212086e-01 8.759879697571918422e-01 1.324235561482157264e+00 2.936547598020501360e-01
5.378962235248870627e+00 2.556150386010360265e+00 5.072182919009878610e+00 -1.286905164840998594e+01
9.761162126573964315e+00 2.082173671705311591e-01 1.838616597215223747e+00 1.959986886324050381e+00
4.014446488380338351e+00 7.522433996349366048e+00 1.456347083648921403e+00 3.000084565237978751e+01
1.151533390747500940e+00 1.480409715068703447e-01 1.297800702497781788e+00 1.641610468228824060e-01
1.514805388744856929e+00 2.030434174392059088e+00 4.674413608683003929e+00 -3.073495108408636600e+00
6.465227176120316166e+00 1.472841629276513964e-01 4.626966396387670599e+00 -9.487534813645348564e-01
2.069156495185550337e+00 2.982245222620871772e-01 3.658522071425078348e+00 -3.049656562251928382e-01
6.902936475453306242e-01 1.279941110781579905e+00 3.661654499489393810e+00 -4.390585203421255023e-01
5.053033070204286936e-01 1.142980501482428607e-01 1.653749185106500041e+00 5.755658483845137174e-02
7.060676198373911916e+00 8.156996395280509127e-01 3.549839550288898860e+00 -2.286483472572068631e+00
1.300138587298423631e-01 1.543626013016757170e+00 3.090792434074585593e+00 1.019085248251901978e-02
7.435141898992370102e+00 2.269350597663913616e-01 2.792400756607721135e+00 5.772885097484508066e-01
1.253105576761119611e-01 7.303690524655054972e+00 5.341426634119608607e+00 -7.400491960353299259e-01
2.769203639561021557e+00 1.373311700376731226e+00 3.380067700693350385e+00 -8.983440845861963009e-01
6.842073444255505343e-01 1.968990618458946740e+00 4.552578054423602194e-01 5.923546407045700013e-01
2.455449805805721419e-01 8.897966384436096776e-01 2.094322946266440333e+00 1.892215275091033988e-01
3.906356739266840239e-01 2.425565750553559108e-01 1.618072586305595584e+00 9.464538424091427371e-02
2.643610127364376394e-01 7.900308543257987814e+00 3.262930835805843977e+00 -2.527974784397835073e-01
3.165093282830849120e+00 5.422343997269947202e-01 4.721262028936419775e+00 -1.716154896791944440e+00
5.873316357414473110e-01 5.762181981590844826e-01 3.655733221404878108e+00 -1.664359549164190766e-01
7.351899987568806250e-01 2.822408843422587466e-01 3.027887681047434665e+00 2.354305132667257328e-02
5.190383027631980895e+00 7.456915294916932169e+00 2.296644336672920783e+00 2.894833062753071928e+01
6.090913944104406896e-01 2.583534833475804593e+00 2.925552980385881074e+00 3.373235876229654373e-01
2.065064702458427437e+00 9.042372953420035886e-01 4.762036342560179492e+00 -1.865007666348756032e+00
5.720415936540453883e-01 4.020076198156602665e+00 2.955064631884034121e+00 4.264662526291290168e-01
1.059489941248259737e-01 1.110958213274110706e+00 4.283271124806367625e-01 4.888868792970406385e-02
2.388444499173930424e+00 7.876315316739535888e+00 4.894840660579731662e+00 -1.849989454433601566e+01
7.116865188561298794e-01 1.189306467338727025e+00 4.713996312347046747e+00 -8.464122862323453234e-01
8.071732524352579929e+00 1.381948324156901109e-01 5.524288137281847533e+00 -7.675802488824147174e-01
2.996199198751851034e-01 2.869943480720238860e+00 2.107816200870388013e+00 7.388512768773084494e-01
5.461822181592380865e+00 2.070445552839113024e-01 4.120928015420414425e+00 -9.387412333267739495e-01
9.682246250518206310e+00 6.414034335263216757e-01 3.047338537485402732e+00 5.844730696058867414e-01
4.628624003618281302e-01 9.168052383859347287e+00 1.055415223106068723e+00 3.692331027536429833e+00
2.542590435814889638e+00 3.647321388399463182e-01 3.828732192000724233e+00 -5.882536634355812755e-01
5.818272530649285512e-01 1.574850637709347412e+00 2.387309342788882738e+00 6.274454394152986225e-01
9.998517439811663854e-01 1.436268894578107136e-01 3.919479067899241720e+00 -1.007788562400716431e-01
1.367200089858875145e-01 4.592822988243372428e-01 3.772811333487096519e+00 -3.705602047718144221e-02
5.371600931612825480e-01 4.854815795424030078e+00 1.850105436149168892e+00 2.506750474418589114e+00
2.636536766521617725e-01 1.426833978428049821e-01 6.255808217517910386e+00 -1.029770155171963551e-03
4.224996116709034966e-01 5.595478188998960434e+00 4.980336082388033270e-01 1.129322030898473050e+00
2.001277710296434087e-01 1.982156599756838000e-01 4.947144483189256370e+00 -3.858040166245208652e-02
1.755266417918970034e-01 9.062375063322136715e-01 4.795316834781515603e+00 -1.585221790677666942e-01
1.511848689869678131e-01 6.074697754261066951e-01 1.830799993167795126e-01 1.672033804926634226e-02
1.176550395306689145e-01 2.764031092735320883e+00 2.642191726831644161e+00 1.557392353486226899e-01
1.822726104783721768e-01 5.688424601016651039e+00 5.069586787331479272e+00 -9.713987071160883335e-01
2.443519303027243073e+00 2.644668825167934556e-01 4.591927213685764286e+00 -6.415468662583032611e-01
8.398106190719929476e-01 1.394646297146802993e+00 2.241391534141884634e+00 9.176092534923392385e-01
5.543820685135372184e-01 9.726402225956929826e+00 1.239081277469707310e+00 5.098191403273141020e+00
1.206383032225396834e-01 2.326961680795306964e-01 3.310925040183485102e+00 -4.730826707430285834e-03
6.457940045494096282e+00 1.428095543167938519e+00 6.010435498771239615e+00 -2.484377600695165444e+00
1.430523879350250605e-01 1.421064551245621865e-01 1.609589765959685004e-01 3.257971112167803388e-03
3.483041923565828868e-01 8.569049758002188488e-01 1.414457296383742735e+00 2.948235112564358551e-01
5.358919926658763933e-01 6.111283583756345728e+00 1.183565885779888305e+00 3.032502805143655333e+00
9.375859453939327182e+00 1.288972271044957152e+00 5.592717300340174447e+00 -7.697055000937104374e+00
2.821592015907411266e+00 1.170550200517611383e+00 4.895297645414246723e+00 -3.247720163061937004e+00
7.386438522068452528e-01 6.705498758148951133e+00 4.741415352511652692e+00 -4.950889064292663733e+00
2.040205061891684046e+00 4.483737210682662289e-01 1.185712162848708395e+00 8.477825025622921506e-01
3.236218592646905590e-01 5.657114078940745472e+00 2.937028336771432269e+00 3.719028219948775638e-01
2.190616439157882511e-01 3.505730677720757971e+00 2.598150511285526321e+00 3.971065761781777947e-01
2.897332949930004342e-01 2.039524313188971760e+00 2.163871752869480414e+00 4.900044776275006009e-01
6.790426201138316520e-01 1.170276528094726265e+00 4.159808906788641791e-01 3.211151529314800745e-01
7.712402760693829684e+00 3.425105684928250405e+00 2.600540856463043671e+00 1.360513383116258623e+01
9.003759595639523328e-01 2.463222798558888815e+00 3.459100932051781374e+00 -6.924062516762790054e-01
5.590772422715819090e+00 5.694748484585614889e+00 6.172883277644008793e+00 -3.504683989955795109e+00
3.574088972492512895e-01 2.231917978135724123e+00 2.876151370999152412e+00 2.092666525541980738e-01
3.774874160851414473e+00 4.035811776170389886e-01 8.912896981548509290e-01 1.185079757474071238e+00
5.067636333604713883e+00 1.420998519177865349e+00 6.203459119311255598e+00 -5.735085356110144472e-01
3.505270649216904455e-01 1.659834933405807122e-01 1.388922414944068873e+00 5.722208559876151152e-02
2.231110043679438881e+00 4.693011360475392579e-01 2.841965015108671277e+00 3.090556263788317160e-01
4.024642997463943050e-01 6.006834302022380001e+00 4.408506819266531984e+00 -2.306769766948514100e+00
2.553735098269092507e+00 4.322252892755579778e-01 4.615900577620139167e+00 -1.098654732853725946e+00
3.043038646967400229e+00 2.581920749076884292e+00 3.133467734879674893e+00 6.383584652351248501e-02
2.533851685449603597e+00 1.520130424516544343e+00 5.296485513302107151e-01 1.946037653754306040e+00
6.963053888458571317e-01 5.520859705336663703e-01 5.892404587709743957e+00 -1.464297397688357205e-01
1.710002118185599829e-01 2.542945421530722339e-01 1.568270999542596300e+00 4.348428191643927826e-02
1.723324437739108816e-01 1.684991133886555303e+00 3.051091428500833480e+00 2.624376358235873397e-02
5.292198066623158281e-01 4.827417225833759318e+00 5.576382133038340960e+00 -1.659079835748723530e+00
1.118498955360305580e-01 7.097899860366260860e+00 3.810672041930562859e+00 -4.924272934468960639e-01
1.207993108314451058e+00 9.768950086164878144e+00 1.031473474824245784e+00 1.012577560859119608e+01
4.546391997209252800e+00 7.673945737275189583e-01 1.904399903002019334e+00 3.296529515578328073e+00
9.642739929646885200e-01 6.055516470623550696e+00 3.809191097342051524e+00 -3.615045056665115997e+00
4.435197378792904987e-01 3.720497620796273108e-01 4.753019741923411701e+00 -1.648752264223454500e-01
1.308219003349747056e-01 1.137490976203560544e+00 1.798308077371579161e+00 1.449740261299331534e-01
7.441808609772627925e+00 1.150698795910793659e-01 2.657111985181836555e+00 3.988337967997417355e-01
2.063183585210204840e-01 1.757637745041120692e-01 1.351007553209136736e-01 4.884308393666517319e-03
1.800796614999898293e-01 1.093844028610880814e+00 3.636234510218329108e-01 7.005818191885507251e-02
1.162818876083576480e+00 9.128715363043895525e-01 3.269962303759414102e+00 -1.358909916159999620e-01
3.611158848212343564e-01 5.668435643243064703e+00 3.113386238135239292e+00 5.772980920205503241e-02
8.278813789248934185e+00 5.868785954560992169e-01 4.672807220260504213e-01 2.188632289396647668e+00
2.513926040632453174e-01 1.173047226170914059e-01 1.912460636005815923e-02 5.639414598133162069e-04
2.297162712540678220e-01 3.579288547821277700e-01 5.844794622506239712e+00 -3.490186640240668797e-02
1.378034941587510664e-01 5.986577339730746461e-01 4.102138155199892111e+00 -6.760675096647925097e-02
1.509418479752881181e-01 5.777073881710355963e+00 5.832570260338398427e+00 -3.797737639766454731e-01
2.979602805410963562e+00 2.813783112064418002e-01 2.861267310181556223e+00 2.319574927438002310e-01
7.533374639525575178e-01 3.574255489186859425e-01 3.775840177731982550e+00 -1.595570340758332706e-01
6.086203093430047950e+00 1.227393223351859047e-01 4.210520611753195475e+00 -6.548983250031804593e-01
1.674851323367555489e+00 1.048071495863986957e-01 5.464207969436920109e+00 -1.282201661889013355e-01
5.421380717913689473e+00 6.246794755487399264e+00 3.811536149633435677e+00 -2.102896838361001386e+01
7.006231337656907421e+00 2.556945425780433601e-01 4.143967682496370486e+00 -1.509752103232620657e+00
7.475954187225331005e+00 2.562994104636565851e+00 3.199129958829580289e+00 -1.101854132929379615e+00
3.084720224161462410e-01 2.656639274827019115e+00 1.175040294199958119e-01 9.607298192722188435e-02
3.024180748752296921e+00 1.690871438559109041e+00 5.391403869620917888e+00 -3.979284290675847213e+00
5.245181685118067705e-01 3.036371102451070891e-01 6.017225643778641775e+00 -4.185998775460977178e-02
3.761543724443989767e+00 6.436686088958332164e-01 3.569310895734188804e+00 -1.004298162033028463e+00
6.936469156192200280e+00 2.554799061330634391e+00 2.653464627657751151e-01 4.647293918832747117e+00
1.794370462342652406e+00 6.765612338364571654e-01 3.386572210973322061e+00 -2.944396643478172648e-01
6.331652203845400395e-01 2.182942372348313231e-01 4.319988527520333577e+00 -1.277110177330334495e-01
3.104834723644334105e-01 8.463909563178319218e+00 5.194965406287280985e+00 -2.327803278030774248e+00
1.006714387115260068e-01 2.589625517560815382e+00 2.299642948562920619e+00 1.944683451492502935e-01
7.131043971112768887e+00 5.918863223489881698e+00 1.588839060141079562e+00 4.220080394421858472e+01
7.166540121879590997e-01 1.058480832323373200e+00 1.318635691001411647e+00 7.345753951104777579e-01
2.569363667627880154e+00 6.917733763282524428e+00 3.901662539646993277e+00 -1.224590983301865776e+01
1.944991049278045059e-01 5.846617252687102972e-01 4.009149863478503661e+00 -8.673718656374486413e-02
1.099093342546917373e+00 4.062063112733299564e-01 5.719836641631059315e+00 -2.384180229605485646e-01
2.776729687202927899e+00 5.029624467665485543e-01 5.130987213089824195e+00 -1.276008592377487316e+00
1.903264571294240315e-01 3.464925107595979714e+00 3.431794093696446613e+00 -1.887033253893615203e-01
3.707252060725023113e-01 2.846590219409713129e-01 1.645121928378391107e+00 1.052389185478180833e-01
1.578715600831117172e+00 1.519172244901608737e-01 1.660989878937098707e+00 2.388592430604716543e-01
1.635656624862481812e-01 9.718999477349786531e+00 5.989077609612016850e-01 8.961754970100112017e-01
2.096105107089508701e-01 3.920200645517423865e+00 1.493641229839887785e+00 8.192706743730182595e-01
1.187232706984198360e+00 8.884095996216652580e+00 4.424145534299871230e+00 -1.011234936923487560e+01
6.928823082923674104e-01 4.037166498692588701e-01 2.886852908150689512e+00 7.048968622978964149e-02
2.451704534851451844e-01 1.765325361455471753e-01 5.168580682716917174e+00 -3.885454808143747746e-02
2.858865727698211012e-01 1.144497836787569778e+00 5.915208011343747962e+00 -1.177020506328777388e-01
6.680309198112289737e-01 6.018547987592793858e-01 2.964689874233931155e-01 1.174591485082309011e-01
1.371202749242670105e-01 3.889149558711157972e-01 8.564809552179445395e-01 4.029163438136251080e-02
8.051725049638723819e-01 1.046465684228439219e+00 4.622466431963489164e+00 -8.391810911882040536e-01
6.828118101659054195e-01 1.057564419005364575e+00 9.318848777480467360e-01 5.796764528257511984e-01
1.032675853168409652e-01 2.725321197140035401e-01 3.686976340164127119e+00 -1.459945370977076134e-02
1.753605808916993913e+00 2.509826729593851891e+00 1.274934235645080349e+00 4.210017590522519448e+00
1.145949285557134184e-01 2.115165714652372575e+00 7.481859466234866973e-01 1.648985562618928147e-01
7.493272973310360463e+00 5.291396497976031954e-01 3.047202177239335175e+00 3.737015937111180519e-01
1.746138160574771447e+00 1.279858743311183822e-01 1.617915264736964787e+00 2.232329794366531006e-01
9.252217460885480138e-01 1.161302262532339091e-01 3.079685901734448006e+00 6.647398039270922994e-03
3.818056549350173356e-01 8.293157588531855140e+00 1.473094761678084508e+00 3.151274016764844976e+00
2.937910291181705658e-01 3.732895307815462527e-01 3.556546003124989586e+00 -4.421280111790499429e-02
3.811550776593928713e+00 1.859317553874108575e-01 1.375134111591883146e+00 6.951659434033918838e-01
2.239392370857121728e-01 1.887167412763103735e+00 2.205471788807833178e-01 9.245185862647299635e-02
2.371310003509663200e-01 2.489029827548278340e-01 1.962767590771175241e+00 5.454620913230848189e-02
2.436226209267467357e+00 1.006398058313188598e-01 5.581702585545357920e+00 -1.582280247697343822e-01
1.206232431923507653e-01 3.667648950310775091e-01 5.151330829357803509e+00 -4.004646644872816852e-02
2.120662133045800035e-01 4.812735132615460820e+00 5.196049147397379997e+00 -9.035523428937916046e-01
6.259390923991832167e+00 2.566306154211182022e+00 4.320116849179826864e-03 6.939603925015298824e-02
4.133719298243728524e+00 3.892264061837694467e+00 1.977905684117129637e+00 1.477451757718266911e+01
6.323636036706964392e-01 4.323869474960201131e+00 1.469916873330460137e-02 4.018986773169599264e-02
8.148677999727793164e+00 1.264006845752109198e-01 5.434079971232797845e+00 -7.732091877033989702e-01
2.025111409283761432e+00 3.343394676665352727e-01 7.279831709218299585e-01 4.505020524572492802e-01
3.371763064578237601e-01 1.280266079443348748e-01 3.320045890452441584e-01 1.406997588788211871e-02
1.225279869469391714e-01 1.222336305120818867e-01 5.684688682608046939e+00 -8.438080394670623152e-03
4.628863067409794696e-01 5.235167533145658858e+00 2.919313146893604216e+00 5.342224692746853076e-01
7.465659615840692931e-01 1.069458590080135663e-01 1.709197774679378057e+00 7.907867140549271201e-02
2.091987835514158289e-01 1.264740880070017059e+00 1.742743893414625322e+00 2.606805660296674376e-01
1.729530622030671372e-01 3.698074535562549947e-01 1.694785156517752522e+00 6.346833027108211844e-02
1.292975716136256503e+00 9.489447831759582286e+00 1.272529777203059487e+00 1.172788879180843225e+01
1.492427082374212954e+00 1.527800851915818603e+00 5.238720041713015307e-01 1.140605172637958464e+00
8.865132735603207248e-01 8.746809470661341734e+00 3.762271023460606045e+00 -4.509721286112917227e+00
1.269875931158784832e-01 1.626059601672663890e-01 3.832276091906542170e+00 -1.315469873673021095e-02
7.571761605416567065e-01 3.072588240689529959e-01 4.847030031524555582e+00 -2.305434846545403316e-01
1.180287281590752135e+00 6.821683552974553422e-01 5.568115272775440161e+00 -5.279159782622566688e-01
2.277059634271741295e+00 1.400430072588824959e-01 1.992318924397753488e+00 2.909732148686384745e-01
1.434415474486971376e-01 2.095669320124998070e+00 4.463706345963565525e+00 -2.913586572988101642e-01
1.665197705880548940e-01 7.976982821030051962e-01 5.606514305360848383e+00 -8.317986706145460984e-02
4.552804464262067974e-01 4.372671765651844900e-01 1.055112178454085559e+00 1.731900512363328537e-01
3.489040676287492371e+00 4.222751686286994044e-01 4.851019665003147630e+00 -1.459200277257474809e+00
5.834456079037201981e+00 1.452138901182696840e-01 4.104642759068961588e+00 -6.955340437820710653e-01
2.221440767333123123e+00 5.671547787531885376e+00 4.598746962748918143e+00 -1.251773999393379455e+01
4.198859315863848529e+00 4.731641562968301074e+00 3.539653156885187002e+00 -7.701262124966995692e+00
2.205382066443992151e-01 2.375304994863358388e-01 5.189584615221268571e+00 -4.653248527817867297e-02
6.341600325127489945e+00 9.111672211479858063e+00 2.805779330281975348e+00 1.904150914193159139e+01
3.112014880427271812e+00 5.665426755793205871e-01 6.058008412686093358e+00 -3.936604391241346756e-01
1.113132646756248567e+00 1.579279698734432358e-01 1.018850482977322475e-01 1.787988817082480225e-02
4.024280801891364945e+00 1.562700531229427314e-01 5.476719320198266683e-01 3.274556697403103733e-01
1.360746531819905680e+00 3.987275745291848139e+00 3.393289217750358189e-01 1.805958434607371599e+00
3.618860884821691326e-01 1.796852867238460938e-01 2.600600557750647024e+00 3.348731992829165338e-02
1.237654903204209594e-01 9.947119561873345006e+00 3.735232919776968696e+00 -6.886610623152258359e-01
5.356558353194070810e-01 2.883833786065831184e+00 1.097147016779885798e+00 1.374681137881074600e+00
4.352924506902320356e-01 2.580103106132694890e+00 5.156209861679839079e+00 -1.014290836998740231e+00
7.980660921049245182e-01 4.278564563088564476e+00 6.058006120615710088e+00 -7.624103317790842382e-01
1.972413229063249451e+00 2.442051036897639194e-01 2.679882718046672441e+00 2.145756870731712340e-01
1.571067811710189499e+00 1.399610431093051499e+00 1.820936718557776945e+00 2.130448557160927958e+00
2.057923582903741500e-01 2.011456358798137778e+00 3.083156914546604010e+00 2.417526283600374137e-02
6.461091020228784121e-01 1.713551844968762283e-01 2.457565597741277141e+00 6.996239860657420262e-02
7.097352500193041536e+00 1.567080939229849590e-01 5.110243714410414029e+00 -1.025342417505771264e+00
4.146587571867357824e-01 1.106927927615177332e+00 5.102274983378165096e+00 -4.245507059115422588e-01
5.766124749439767161e-01 2.170450382254189847e+00 3.429779299455338215e+00 -3.556964633153377742e-01
3.692126213564910775e-01 3.642527189447595792e-01 3.449222807724262818e+00 -4.072269391228917207e-02
3.516061021918265861e-01 2.109529858573363226e-01 2.423685797807955122e+00 4.879128787761735642e-02
6.645042005429258047e-01 4.157964289823387061e-01 5.995568506234244310e+00 -7.837696062801390029e-02
6.218117823005677280e+00 3.641961497098341383e+00 4.335329169369033231e+00 -2.105528105152602336e+01
9.447026819214079385e-01 9.320283732716411196e-01 1.214567323925105580e+00 8.252113198475183875e-01
8.235769436202042826e-01 3.456534581964572639e-01 4.725248609440712566e-01 1.295645536668044717e-01
4.063754192946101851e-01 7.393412812227317055e+00 2.391816804038413569e+00 2.047491679138443210e+00
2.594616308058340426e+00 2.368941187583329722e+00 6.299318663258500761e-01 3.620835992068502485e+00
6.988395093544976788e-01 6.485163211614939360e-01 2.710645275677176613e+00 1.893197163882314182e-01
2.972936886879121166e-01 4.795688949801730772e+00 5.855841733733600840e+00 -5.908997424343906957e-01
4.032450654293237235e+00 3.591593021349748671e+00 3.932833320858328818e+00 -1.030062988736512963e+01
2.000233943381010959e-01 3.927633590311018219e-01 4.996741765876178576e+00 -7.540708468449228152e-02
1.507671254716150822e-01 4.779669477664170607e+00 2.582065363509851608e+00 3.824931650569590724e-01
1.641339051287453055e+00 3.762688384532197006e+00 1.752325745766738496e+00 6.074370373721523997e+00
2.295462459104656572e-01 5.612228245893402523e+00 4.681367723918379298e+00 -1.287646113773104117e+00
1.078061389051113705e-01 6.837692217328443789e-01 1.657710076125312182e-01 1.216384063425510371e-02
6.911220659413059852e-01 6.243266933695877929e-01 7.209001566714383635e-01 2.848071140996017991e-01
1.843857813109172294e+00 1.902178455153969105e+00 1.295341836740221408e-01 4.530518276224473895e-01
2.886248966598937704e-01 1.050702984843732146e+00 4.368908391313039097e+00 -2.855451418422904064e-01
2.068302685300350274e-01 1.078023924213488416e-01 6.599154063135720394e-01 1.366905235224714910e-02
3.937371668788860468e-01 1.582068108248871618e-01 2.074972686557901846e-01 1.283284811770833006e-02
4.440857754539094260e-01 1.937069099213147849e-01 1.368632975351838699e+00 8.427059183403159959e-02
1.199119561706687292e-01 6.888985648172191167e-01 3.203887853951082665e+00 -5.142702773282152584e-03
6.647790627110433670e-01 1.352061102027514394e+00 1.897763278509981610e+00 8.512030720593276589e-01
4.572296535669016393e+00 1.526199431751101288e-01 2.357845983245451915e+00 4.926202477416095071e-01
1.642494359556203321e-01 3.968237231004734800e-01 5.091891929961154695e+00 -6.054058027956805976e-02
7.759197360342820815e+00 1.908440149421798127e-01 1.502917423106408856e+00 1.477386268240495903e+00
4.750981558596678589e-01 1.040996785744460335e-01 5.349796744079981181e+00 -3.974613382320386218e-02
1.883577125399605645e+00 4.026935171258161361e+00 1.393981906385042935e+00 7.466784666134267390e+00
7.912050032815906242e+00 2.653666957494259737e+00 5.098539353866283541e+00 -1.944992578182900900e+01
9.554822241814767025e+00 2.298727402949389820e+00 4.018159681661613192e+00 -1.688031425836374666e+01
6.525265223849057161e-01 5.053950574909921167e-01 2.217308378476764652e+00 2.632299725446965999e-01
3.588992535383839222e-01 3.130663442348889713e+00 2.636042705342990011e+00 5.441432469687117468e-01
6.198559038608089544e+00 8.326891809770429198e-01 2.411337005775459286e+00 3.443012807851882684e+00
1.260588852261522508e+00 2.253940107409498350e-01 1.440200879149523772e+00 2.817096831367006393e-01
1.266253272164478139e-01 2.084250926639100721e-01 5.332406371368805686e+00 -2.147952853833377460e-02
4.194900510126748472e+00 5.289795060409254734e-01 3.510837739902009424e+00 -8.008685424926553775e-01
5.268738816287448223e-01 1.108523696845123141e-01 5.288279135312272672e+00 -4.898491640298639760e-02
4.639256669106062603e+00 1.276197405260866558e-01 5.820210013098580326e+00 -2.644215211788206732e-01
6.877093893922499923e+00 1.068221627943743701e-01 4.621817544816818613e-01 3.275712333269365506e-01
4.666378640815342038e+00 2.096647821368510245e-01 3.904355382986972600e+00 -6.759803455999124910e-01
4.760244623382662299e-01 1.482047258282971569e+00 3.757415742434591088e+00 -4.075130475440960076e-01
2.184603064429069263e+00 6.926093326228135449e-01 5.570804707627572405e+00 -9.890031858944988707e-01
3.458797535147305702e+00 4.057507619904987539e-01 9.175349940024541961e-01 1.114455886615127511e+00
5.015292731726153086e-01 1.122191415623478239e+00 3.997127064174084143e+00 -4.248787614209963981e-01
2.270996617682186913e-01 1.065527712494045570e-01 4.393623719911309067e+00 -2.297907318457583989e-02
4.200823263857448309e-01 2.221555218476355953e-01 4.403498568208493502e+00 -8.890673950764074740e-02
9.261588044606552828e+00 8.547593488421219021e+00 9.019008224069525737e-01 6.210494445228484039e+01
5.320944098664595057e-01 5.374418816874557692e-01 3.529611818584689420e+00 -1.081982769260129429e-01
1.882971477850197140e-01 2.373099494770697593e+00 4.044056074938273682e+00 -3.507111478565432261e-01
4.228151541133022273e-01 6.351626168522593874e-01 4.964507327860414598e+00 -2.600662814737901285e-01
3.517007286871412508e-01 6.694077129327679065e-01 1.099346662587763257e+00 2.097481856691086888e-01
7.047139869538258772e+00 4.290017245422575343e+00 3.083516310612913092e+00 1.754797582307884740e+00
1.320818764057325456e-01 1.468625099370528542e+00 4.476283587369898953e+00 -1.885970828266642363e-01
5.213177772355517270e-01 6.951033398405445096e-01 3.643420038603675692e+00 -1.743101371908092334e-01
1.679978518661504050e-01 1.996322752717982207e-01 4.923464264598216289e+00 -3.279346218560043325e-02
4.765049414465382327e+00 2.564715727601837303e-01 5.503417457702743043e+00 -8.592758623919104499e-01
1.149359458433501374e-01 6.288059957357067242e-01 1.426543387882654335e+00 7.152175984390411745e-02
2.233152772053974833e-01 1.057603680612439812e+00 1.956304032045344199e+00 2.188453205523145650e-01
3.977922619505745438e-01 9.543330200933814567e+00 4.529173787310599941e+00 -3.732724831789658637e+00
4.526345510298822039e-01 2.927916700936452621e-01 8.994634136401653546e-01 1.037682366309530257e-01
6.911052565890265509e-01 1.265312521295978709e-01 6.521372048927061016e-01 5.307004050564721048e-02
7.981481027852125321e-01 6.784429197517000132e-01 2.184218850553345970e+00 4.427734177020157258e-01
2.710963509733680388e-01 7.714345440761631423e+00 2.288326499073130904e+00 1.575675624096493532e+00
5.844835279368374437e-01 1.066083923606960665e-01 2.577016349647494486e+00 3.333991335043905158e-02
2.749720285190974112e-01 9.182837851024353570e-01 5.310247141157245387e+00 -2.087040779355538445e-01
1.363306965028136530e-01 1.294979115879384690e-01 2.201496388682401939e+00 1.425806946170757317e-02
1.262309327870329567e-01 3.390134139543143021e+00 2.188648463189877269e+00 3.488242379965743600e-01
1.457855576331426928e+00 1.838968439083108197e-01 3.333032712313978685e+00 -5.101120518038637641e-02
4.204452245257432885e+00 2.292914894026553796e+00 4.200021633547259547e+00 -8.402485924157064190e+00
3.614813104567816460e+00 4.692640616663677378e+00 5.045868982167204031e+00 -1.602850822881451975e+01
4.545640770719586721e-01 1.882514149125963931e-01 2.692908115956753057e-01 2.276633669491025247e-02
6.321286259803145846e+00 1.168053457457846278e+00 3.123448284937456076e+00 1.339634144919852887e-01
4.129749639869704780e-01 2.338266430549743313e-01 3.565173363179106047e+00 -3.969066975818121012e-02
2.555776605444984861e-01 6.456860635886687572e-01 2.898446617662830960e-01 4.716411050173860420e-02
1.924289165885988417e+00 1.614644564282097461e+00 3.982560232556122237e+00 -2.315643741026393698e+00
7.710719989161333388e+00 6.798517576485648917e+00 5.144593360219106293e-01 2.579472857882645798e+01
7.047255100541883976e+00 1.341156396109534521e+00 3.668362972850143788e-01 3.389902680463380502e+00
2.577329451484139167e+00 1.440468883525579391e-01 5.460063318234459118e+00 -2.722318963777766720e-01
4.019866448484684662e-01 4.144296096035527732e+00 3.338220803334489339e+00 -3.254662681269695490e-01
1.122322887212279241e+00 7.340758463806773548e-01 1.537145298177395425e+00 8.234036955042659534e-01
1.476558973446396195e+00 3.388045784872949495e-01 3.316380241786656136e+00 -8.699555596202356023e-02
2.379401012347580835e+00 3.370141194013020591e+00 5.136297757157622712e+00 -7.309147952684211802e+00
4.891512668863480795e-01 5.278756393090279220e-01 5.859732629487244271e-01 1.427934258595444095e-01
5.633302104613882033e-01 5.727977668035051373e-01 6.136065153052755683e+00 -4.730082637807216800e-02
2.137225671765537738e-01 2.805493915371424229e-01 5.901038773569235119e+00 -2.235976648929987806e-02
8.926994775757661316e+00 1.846302269931248574e+00 4.950139558611568624e+00 -1.601829747533491854e+01
5.135526747101664125e-01 2.509573009593199511e-01 3.188599616177443252e+00 -6.056016755473791167e-03
1.149691679887044349e-01 2.287900178638846149e-01 4.148598444580599565e-01 1.060205269057753509e-02
1.658181317721850456e-01 1.096216611002976404e-01 1.334782462351743026e+00 1.767334489511914603e-02
2.174350759550030543e-01 5.964943685387949834e+00 5.908681387663145657e+00 -4.744523121025415735e-01
3.217307546886180702e+00 3.735146219808083146e-01 2.703854817891219842e+00 5.093954694396456429e-01
5.252987890959443185e+00 6.790488350586798560e+00 3.277188749529920120e+00 -4.821952548581436737e+00
9.284829650838986481e+00 2.586919223250562005e+00 8.353545620007734041e-01 1.781099304407945283e+01
8.760409565073008498e-01 2.115758665296775254e-01 3.787916039816492386e+00 -1.116275165532978481e-01
9.449855837752732413e+00 4.734372863119111763e-01 1.399016896531656506e+00 4.408067745256727399e+00
3.400235912129151994e-01 1.719909562222814214e+00 2.720669060807300532e+00 2.389554009886454278e-01
5.458734068321766664e-01 9.952736192808490756e+00 3.365918934490542025e+00 -1.208553857493485317e+00
5.880609177380729413e+00 1.615389091894858520e-01 2.533732645386558069e+00 5.425263448256478771e-01
2.165302792322891245e-01 3.520882183550267941e-01 4.613618940468477092e+00 -7.586619292430926698e-02
1.755154518100296990e-01 1.548024023802003324e+00 5.633189085947010177e+00 -1.644296217468632082e-01
4.003168330745027759e-01 2.354293506003637848e+00 2.787923678375135328e+00 3.264146567665434095e-01
9.044911813305819948e+00 6.093637702189984573e+00 5.892684033719441494e+00 -2.098017382924932761e+01
2.098885074742929735e+00 2.868569529804777751e+00 6.549526697799248343e-01 3.667398619459553366e+00
9.200729490339835115e-01 1.415894203964800591e+00 4.150142282520652870e+00 -1.102183747366524580e+00
3.609777826725208083e+00 1.194415142994101009e+00 7.110139415054018697e-01 2.813742955154347580e+00
7.517451638447750994e+00 5.910484091308118026e-01 2.362377579429766339e+00 3.122315205237150781e+00
4.591775978454976093e-01 1.406349211233340224e+00 1.803155221981009637e+00 6.284097322442310229e-01
7.980428788695661524e+00 1.024538829165096976e-01 4.754999515450174741e+00 -8.168837646468047886e-01
1.155031883279520555e+00 1.927393360850924720e-01 5.613334032964342413e+00 -1.382179957309137008e-01
1.553966837570526893e+00 2.164004655949314793e-01 4.208737286293409596e+00 -2.945220200651536002e-01
3.630449202713993961e-01 3.795930874695407353e-01 2.215000685815776471e+00 1.101892978127631678e-01
6.299591979417203724e+00 4.607125980930467435e+00 1.052964656897098061e+00 2.521793826072083533e+01
1.201607219659847070e+00 5.866400981077952714e+00 2.101872861623856892e+00 6.078181932319373537e+00
1.004214827229081008e-01 1.042287399576783180e+00 4.209752269055405449e+00 -9.172222130597799949e-02
1.146001172730616524e+00 4.083182743899651079e+00 8.954243714251479691e-01 3.652099297153608148e+00
4.281180469852703951e-01 3.545785330282938408e-01 3.061990625242382302e-01 4.575853103509775616e-02
5.467895691651476486e-01 5.476791219559263624e+00 2.383694572547478074e+00 2.058513151686902631e+00
4.097891143351293231e-01 2.551893277299683849e+00 4.222879771894334944e+00 -9.229305073618644384e-01
5.980612036143306831e+00 3.951341908259996538e-01 2.210758909530044836e+00 1.895520820454833277e+00
4.445091449688159280e+00 6.190183599709989437e+00 1.125248279157931242e+00 2.482967881170374014e+01
1.124510564279605912e-01 1.430241454863837858e-01 3.936543735022728363e+00 -1.148067175918729248e-02
2.699275943694677271e-01 2.234184385406273510e+00 2.619457652495585709e+00 3.007691967360246466e-01
2.713157119477747514e+00 2.162555536615709872e+00 5.969290279793677989e+00 -1.811637213822854253e+00
5.470300907022224157e-01 2.038787365949603192e+00 3.399998537698605716e+00 -2.849978020997532280e-01
9.398650234479363874e+00 2.572135979854711096e-01 5.398258646180620346e+00 -1.870796738873986786e+00
1.123285313116397094e-01 9.482670473580941950e-01 6.232168480079805839e+00 -5.431825094500729659e-03
1.617686540236185078e-01 2.689812791837739026e-01 4.586213751541613703e+00 -4.316683325965805368e-02
6.644426655809903437e+00 4.506340013426471280e+00 3.257850579781996547e+00 -3.473163959086420505e+00
2.306497684226483713e+00 1.616623235397939951e+00 6.147946823451698073e+00 -5.027331113329185364e-01
8.802506125474490739e-01 9.008742194016923222e-01 1.677272914273448823e+00 7.885041316087526564e-01
1.157305300783946445e+00 3.537432378627769491e-01 4.260327159879806480e+00 -3.682651388024663075e-01
3.136990636739577454e+00 1.732715222170148062e+00 3.673435644009621193e+00 -2.756470834059727704e+00
3.159437889183007719e-01 1.495837730239055197e-01 6.016530645053661530e+00 -1.245330148956534481e-02
2.609766394821065649e+00 4.594202253374620182e-01 5.631619182240236832e+00 -7.271000302727123055e-01
2.601618507565398031e-01 1.230145832684560681e+00 4.318542202974315458e+00 -2.955348929368965538e-01
7.597296558454146309e-01 3.625432625261856501e+00 2.160359133715798574e+00 2.289370104483529289e+00
1.231351870799460180e+00 7.215244585336692218e+00 4.524473182377083624e+00 -8.728099624443759197e+00
3.890003816703921924e+00 1.851028852804688929e-01 5.335724242376386428e+00 -5.846352929580209690e-01
4.712540134803660519e-01 9.135822025392029699e-01 3.151888731118861475e+00 -4.432684522666574187e-03
2.165557985541554320e+00 1.743637945531898437e-01 1.182174391952004466e+00 3.494384505834360888e-01
5.459140380622058419e-01 1.699332910568504440e+00 5.544194381323484855e+00 -6.248383400924831799e-01
2.866518648707601646e-01 9.147754874508940759e+00 1.018461588600820533e-01 2.666016836952015967e-01
2.066664948690637160e-01 1.575549197449788386e+00 5.747494307534483760e+00 -1.662045073126454386e-01
1.463452033959761645e+00 5.801388236214865657e+00 2.284207589705543828e+00 6.419617127199595430e+00
6.382354450592330863e+00 9.628957948765366481e+00 2.818156420110696225e-01 1.709076069523477415e+01
2.787369556516796631e-01 5.075419629216300077e-01 3.547192068775937734e+00 -5.582004005410445141e-02
2.575036086909609168e+00 7.596862895765568169e-01 3.440614923001471537e-01 6.598589351031473038e-01
4.131923584566504104e+00 7.239563891022103848e-01 3.599306406654518398e+00 -1.321864890162170347e+00
1.689117803441578358e+00 5.208357875988566255e-01 4.192860402026844291e+00 -7.636725166271863818e-01
1.676904545979396866e-01 4.359128929661999052e+00 4.289725264866232735e+00 -6.666573593820067645e-01
1.131343931313518736e-01 1.614778414114887151e-01 3.853832559815980829e+00 -1.193915644108948203e-02
1.968739651497911358e-01 2.976481524890075558e-01 2.373635920334156157e+00 4.070690536038139989e-02
3.545362107402735274e-01 2.511832762488688253e-01 3.204859850668122068e+00 -5.630411639411390251e-03
1.590036686536238919e-01 5.555732877095572952e+00 6.127020440643445198e+00 -1.373931797739314786e-01
1.565917379629835127e+00 5.265674510622048166e-01 1.299880018557221462e+00 7.944861496814369373e-01
4.119898949442758251e+00 2.791449469406219741e-01 6.081219924623449735e+00 -2.306942482247640869e-01
3.312418193602916228e-01 2.153621045767439290e-01 5.130853512832639574e+00 -6.518155415819684717e-02
1.390756927954069022e+00 2.162484246825088441e+00 4.837880639236441516e-01 1.398891386780725332e+00
1.887058514443694435e+00 3.130976872637259989e-01 1.653520386095836292e+00 5.888131920984994716e-01
2.524687440563502250e-01 6.540350855815189046e-01 5.609990898966489503e+00 -1.029522476520550456e-01
4.731276990803528371e+00 2.367713069986438157e+00 2.033976849949565402e+00 1.002198634288435208e+01
3.165135695348041622e+00 2.235205548136778297e-01 1.905265465883958287e+00 6.682680695576913577e-01
1.242734300838832240e-01 5.713782878045595481e+00 9.155367746172295984e-01 5.630083628354897174e-01
2.054978471356597947e+00 3.444068237820998135e+00 6.209748114271663733e-01 4.117881429355345624e+00
9.630084252029163849e+00 5.125123354872193060e-01 4.855629782550795248e+00 -4.884989991649702823e+00
3.684078664599225728e-01 3.716090821769706842e+00 3.422822914231253844e+00 -3.799595257242401880e-01
1.801661122972852080e+00 7.891241667026989148e-01 5.138647761529079538e+00 -1.294516107883885381e+00
5.621307804715823808e-01 4.448103522289565404e-01 6.044887019014113072e+00 -5.902215383231025625e-02
4.054033628658496369e+00 2.841536909003627431e-01 4.629105643416328242e+00 -1.147975834329099998e+00
5.139541718616567056e-01 1.670256364502479274e-01 5.868042708782896355e+00 -3.462244564894752241e-02
1.240510007976867390e+00 8.379524463329843798e+00 5.637502807266467464e+00 -6.255055767861124494e+00
2.391885346756699615e+00 5.130235126546781599e-01 2.432196073700666705e+00 7.992992561594621792e-01
1.049590867920104920e+00 3.864490307498704702e-01 4.147323506083529843e+00 -3.425622116076298407e-01
1.179847201307249044e-01 1.450232404681757459e-01 6.011202098324370802e+00 -4.596610661252328173e-03
5.819813806340460083e+00 2.079197042896870906e-01 3.820104515095440245e+00 -7.594724534173593611e-01
9.844793171557606470e+00 1.136747569726807017e+00 3.945546475224103400e+00 -8.058728714965342377e+00
6.719126243914264052e-01 1.135215531843432046e-01 2.023171408182613096e+00 6.860401835500519463e-02
1.341627885169416889e-01 1.716137582413917562e+00 4.178659623250637445e+00 -1.982187973927421187e-01
1.857928015315658099e+00 2.132772789810850611e+00 3.826711278785750459e+00 -2.507355053308830239e+00
7.542882178323734310e-01 5.016713378193601081e+00 2.278988859182307536e+00 2.874131139141024693e+00
2.448001674076234035e+00 3.897584376185092570e-01 5.331074673512116391e+00 -7.772732465164069460e-01
1.994316222879040978e+00 3.573403412786830269e-01 2.101507060269208083e+00 6.146229380185049829e-01
1.453449607025951995e-01 3.316516114287924033e-01 5.196455770659993867e+00 -4.266572781579801299e-02
2.182870167369058700e-01 6.111545213375716434e-01 4.439227649287907695e+00 -1.284607429960051006e-01
4.547577595634931136e+00 6.489190895530620118e+00 5.903778163571015369e+00 -1.092965067838209947e+01
1.352139163941187050e+00 1.202293017894473515e+00 5.619229823910909527e-01 8.661791569931774903e-01
1.183334346514595126e+00 8.476054565231728732e-01 3.331176529965441002e+00 -1.890157165096306435e-01
3.313617398896974819e+00 3.524118469799653486e+00 6.264498412973798835e+00 -2.182050071721776119e-01
8.286568531621753664e+00 1.204606390492778539e-01 1.428472586122117693e+00 9.881125475588817819e-01
2.681054856715847645e-01 4.573904758152198546e+00 4.431836395241199433e+00 -1.178344224139753260e+00
6.751198686043919928e-01 1.357798930380305080e-01 1.332323441830297384e+00 8.907349299320367619e-02
1.786094107037129897e+00 2.186224528227084518e-01 3.306787760604358084e+00 -6.421244481332533116e-02
3.140120556836003995e+00 2.280200925900957021e-01 2.521228441103327444e+00 4.162395379837950382e-01
1.543139361046682811e+00 5.106565338661649633e+00 2.583232191049701143e+00 4.174870676771073263e+00
6.176999314680448050e-01 2.110605777009157524e+00 3.465270364820321802e+00 -4.146555691351169193e-01
6.849841298831398362e-01 3.060886496673370649e-01 5.955027129005509678e+00 -6.757531708368638701e-02
5.093251185644589007e+00 1.474897994159879211e+00 5.565159414875391342e+00 -4.942156187923102628e+00
7.612133823821870537e-01 5.786344906477820516e+00 4.803587476249570720e+00 -4.386338796416479724e+00
3.412549339212249122e-01 3.651388488064367444e+00 2.276376510951160448e+00 9.485407274332088301e-01
3.105027317254424268e+00 1.821628497874529407e+00 1.456410592556281802e+00 5.619243402958273848e+00
7.508160433611921647e+00 1.300443787438691823e+00 1.537068062941484348e+00 9.758387408634536797e+00
1.133917143708213643e-01 2.003011488503712301e-01 1.681431370728940777e+00 2.257363065834526450e-02
9.750353343405965489e+00 1.031893625394783298e-01 2.239809519241340308e+00 7.892448127904472255e-01
9.631012145516771872e-01 9.975668833499647947e-01 2.767395925355087272e+00 3.511809850211001782e-01
1.198929075919795251e+00 3.205465969523235259e+00 4.694932243061619381e+00 -3.842540794902765455e+00
2.199460827907057936e-01 2.768984732099502022e-01 5.798627788439634223e+00 -2.836952066209603648e-02
6.734930489079131721e-01 1.278487026258429138e+00 4.896668778693809010e+00 -8.464731991183321869e-01
5.232599995019333594e-01 3.512151444756993479e-01 1.211470342018154955e+00 1.720397539492248273e-01
3.565465266933581234e-01 1.411927166992476557e-01 4.662794827764550121e+00 -5.027987561378115255e-02
1.062536620661233888e+00 9.611432076020122395e+00 2.189586020167311742e-01 2.218289566207099828e+00
2.323690781141246386e+00 4.651714386847614624e-01 5.127642595759219768e-01 5.302835844271526211e-01
4.437268813789384758e+00 1.653665457661012694e-01 4.037137619528885502e+00 -5.727486046842229506e-01
5.584422998607573296e-01 4.034710409312252111e+00 5.627934975482165036e+00 -1.372976216628288393e+00
2.254459094361923877e-01 1.555859202798046403e-01 4.776591023864526164e+00 -3.500394376527952989e-02
1.818937270772892356e+00 6.715672977702532576e-01 3.890258337155946933e+00 -8.314548499367411249e-01
1.353994269329121536e-01 1.862994541982151420e-01 2.455560502512063703e+00 1.597922921783827277e-02
3.146059832859947059e-01 1.841871851435773477e-01 4.863013943270102502e+00 -5.729029199533197669e-02
2.498185638108032514e-01 3.004728645162407119e+00 6.094117724392517310e+00 -1.410771003408624047e-01
2.661693137781484531e+00 5.673545218958710556e+00 6.179785507209088813e+00 -1.558683902596365023e+00
1.178385105277201944e-01 5.345668653760595745e+00 2.550877595933370490e+00 3.508402625361647931e-01
3.084127118821548552e-01 1.349701744533512882e+00 1.256611098959619977e+00 3.958883676762597337e-01
3.066523127669089077e-01 5.305651174160836980e+00 2.054402498610929939e+00 1.440413318376464025e+00
