5.111439414609418586e-02 1.022753652262717028e-01 6.478278350733272795e-02 4.729764050750615706e-02
1.564264522138085261e-03 2.427172979543986919e+00 1.243957329977514112e-02 1.198472961675339961e-03
9.654194466805574026e-02 3.964136255420265265e+00 8.907000673206061370e-02 1.822687473549421816e-02
1.878811361147809771e-03 3.764392922106487127e+00 2.379489771206522077e-03 4.729768762161515078e-04
8.457447069639306703e-02 1.624737470402937145e+00 5.512258659694933144e-02 2.421372874593902963e-02
6.860286141764662671e-02 4.368610041572154046e+00 1.433090924015542177e-03 3.264816081993620689e-04
2.593185314269757374e-03 5.681714403694726911e+00 1.086748594297692883e-02 1.100783486999125415e-03
8.247024350020801253e-02 1.501244505353118708e+00 4.173300441490814840e-03 2.689245246489208648e-03
3.104378220322120616e-02 7.376946223769742517e-01 8.630952301644720381e-02 2.453406596898625655e-02
7.851478247159336676e-02 2.150207108569461401e+00 1.609719541597201889e-02 6.834664526676339537e-03
2.949540663984400596e-02 5.800447203350065362e-01 5.269076321917666277e-03 6.945009179922770511e-03
2.331854992012070103e-03 3.373498196634791224e+00 5.973353736319398505e-03 1.006440265095969854e-03
4.823012578904492531e-02 2.726927695791026451e+00 1.335818430741002880e-03 4.849366765045658471e-04
1.885263673085961836e-03 5.724931680829645764e-01 5.499606365778962613e-02 1.848977396745155738e-03
3.191582074074331837e-03 3.244520701717492628e+00 3.687656517822259991e-03 8.381127360525314398e-04
1.323524588750738884e-03 2.007045876242269600e+00 4.345668026024269992e-02 1.247282035080802577e-03
1.195583334369720993e-03 5.283559891798881303e-01 9.387148895063757159e-02 1.187591620880841959e-03
7.137338199300578834e-02 1.310463824682831235e-01 1.133903377271793791e-03 7.717129746094161802e-03
1.665652109476757625e-02 8.353674094583075416e+00 8.714371967094673710e-03 9.816958905358363560e-04
1.899290260792199300e-02 6.483253888490034811e+00 5.233128958294682408e-03 7.742707051165595130e-04
1.663016300165756287e-02 9.264044615745660183e-01 4.770211444618863844e-02 1.257034396629930044e-02
1.447517069452465641e-03 5.427881438984017981e-01 1.200208096161481906e-03 8.748269837531502191e-04
1.945174814438295268e-03 5.388391776968888713e+00 2.521071548315747396e-02 1.373953256756961852e-03
9.310965520145680907e-02 5.969400743829048395e+00 1.234667841183156606e-03 2.063743573477500232e-04
3.556784911751265099e-03 6.909164378748636537e+00 2.396239565318722745e-02 1.755968142640533828e-03
6.182525916653856465e-03 2.596159787722772450e+00 1.066293584919062072e-02 2.467787189699636573e-03
1.787163954768674137e-02 1.256557985895698226e-01 5.163588919765662449e-02 1.712678558645631607e-02
9.549078473502437686e-03 7.417723950770938934e+00 3.198388005806167278e-02 2.970507169834837435e-03
1.728422318603081362e-02 1.319234774691115386e-01 2.921813170133526292e-03 9.708034081853229857e-03
5.125662146526056145e-02 7.941860382075166536e-01 8.317096500811596571e-03 8.695799584920614264e-03
1.019063647655210451e-03 1.499824686594693479e-01 2.384135197401314119e-02 1.012572268790931564e-03
3.540746440502133552e-02 9.917853007644060526e+00 5.519065837036312566e-02 4.808980239394130413e-03
9.911434552570304313e-02 9.066101600735919641e-01 3.879568844675684164e-02 2.988804397525167064e-02
1.189161365779169491e-02 3.163215223445325353e-01 1.270578322966912400e-03 3.002537992603701925e-03
1.972122370050083395e-02 1.280422613104561069e+00 7.609517258374118298e-02 1.480749067711055467e-02
1.410109337832975152e-02 1.921225619748197222e-01 1.228957264871476975e-02 1.155408710810832719e-02
1.266051022975174739e-03 3.955967857820221756e+00 1.803866423090910026e-02 9.909206847127135630e-04
1.006441256512212619e-02 1.502189271201780918e-01 1.151384320426923277e-02 8.896258392153480465e-03
1.138846640476200503e-03 3.901405610255229139e-01 1.577152170830761757e-02 1.107642490363180661e-03
1.659340023977213044e-03 1.558014240507769321e-01 2.040584078220356382e-02 1.638580372114822620e-03
1.989323461397335055e-02 3.526342708734666598e-01 1.227054153536436161e-02 1.265716609049877782e-02
5.067250479020143569e-03 1.919584826197807903e+00 6.645196171630531751e-03 2.056708696824687769e-03
2.810421311847042126e-03 1.594179271383029173e+00 7.400119107964793497e-02 2.649981299331471106e-03
1.685930373360108175e-02 2.027306734920239772e-01 3.697149783736780604e-02 1.543260795551833556e-02
2.871516954064042785e-03 3.413493208038227977e-01 6.297433142971410602e-03 2.484765256804993393e-03
7.183896927643089458e-02 8.027375956326598949e-01 1.395490523108542475e-03 1.697340760039871407e-03
2.037579679231574931e-03 1.487397027501101421e-01 3.310641645622882517e-02 2.019096089348954189e-03
1.996467655189719352e-03 1.138898430969013942e-01 1.846167943139851927e-03 1.777542322889553647e-03
1.752996411701821878e-03 9.729607822096562941e+00 1.684267382884815142e-03 1.575495014515197311e-04
2.815701560565882222e-02 6.547871422167355959e+00 1.908172683288565565e-03 2.884335548216650593e-04
3.050635530832292164e-02 6.487364954575676634e+00 9.055567557191492034e-02 9.576748614506018498e-03
5.933558287275098042e-02 7.341587118307105975e+00 3.980547284837705063e-02 4.967958657268906585e-03
2.860689279677141802e-02 3.487758413724298734e+00 5.068550990652350742e-03 1.382984187447826221e-03
5.366522983857804560e-03 1.661592506960522519e-01 1.578772657601376552e-03 3.429517227888998886e-03
2.640637281922940220e-03 1.561769302649567426e-01 3.641223849974241453e-03 2.371985189646175565e-03
8.683642942026668921e-02 7.932992184938533198e-01 8.782924961287595644e-03 9.819440111019359096e-03
1.359969844998889588e-03 1.653503094774282367e-01 5.886612731917115725e-03 1.309929893667539534e-03
9.307529152466563829e-03 1.561805129427896177e-01 9.790388729536772527e-02 9.171354957557793092e-03
7.852572520728949568e-02 8.822221154365711415e-01 1.274260227415823822e-02 1.219977241668482142e-02
8.628393231164713240e-02 4.537703245912821370e-01 1.353498206919499097e-02 2.216538726476715779e-02
7.170990408605126820e-02 5.510437585184922993e-01 1.546363877316295817e-03 2.700563205816889148e-03
4.679248810254720004e-02 6.083017323685678823e-01 4.476580342831327358e-02 2.860453819948669332e-02
4.829757173083265576e-02 6.421592689066813797e+00 1.984019585428711818e-02 2.903846955139805213e-03
2.125098288462728274e-02 1.232621749686139800e+00 9.253057489408246863e-03 5.547264846690175971e-03
9.134576434770556863e-02 6.029030112094788230e+00 2.238190033661719390e-03 3.697328842127753758e-04
3.672598720622834156e-02 2.492366770810085619e+00 9.732296661933216228e-03 3.529565021752139719e-03
4.140973609570979680e-02 7.982748159783281672e-01 1.111732148764180703e-03 1.347354979262076202e-03
8.672598979028144084e-02 5.393645856480802969e+00 6.832792536971644959e-03 1.248584310377237648e-03
1.013189355292920361e-03 5.150058288870147827e+00 2.445979016661839478e-03 3.233627068385646740e-04
6.684157483370128938e-02 3.662717336620865960e-01 6.259013054409557492e-03 1.360917566188785122e-02
3.062061252381503493e-02 6.435357388992046346e+00 8.054244784281616720e-02 8.884313572517820931e-03
6.554611077762633256e-03 3.789746548155633055e-01 1.589389925468986942e-02 5.668664752338877302e-03
3.473217349573041318e-02 1.113641888407733260e+00 1.311968232963151753e-03 1.139439195299933030e-03
8.110166467983248584e-02 1.906301610292096549e-01 5.538552596289929991e-02 6.340317823816611631e-02
5.170068011110066225e-02 2.959500379519118152e+00 9.216319784051484054e-02 1.943497648337226200e-02
3.992858543151026930e-03 1.020259447425962418e-01 2.864781129117676198e-02 3.936875718513515449e-03
9.550988733138549014e-02 7.093224002690111440e+00 7.304184752967647458e-03 1.018757418542219021e-03
3.786368619362482507e-02 3.137446368822282006e-01 6.411277863226843253e-03 1.327194704340848262e-02
1.371800174971324511e-02 1.758961644825445814e-01 2.218476756669159663e-03 6.571000636168663339e-03
3.655389983365244476e-03 2.969728526502300348e+00 6.966900689918244238e-02 3.162606633219457435e-03
1.042045243874833126e-02 3.002243351202359634e+00 2.263028961908019124e-02 4.373880239668206417e-03
1.352880678443660854e-02 3.576966317543319174e-01 6.684365803288850640e-03 7.847521100623852663e-03
3.078154012376797984e-03 5.508895245519211947e-01 7.995175067426283505e-03 2.539535608482759721e-03
2.311777649956833249e-03 9.035592204917216597e-01 1.084697210769490668e-02 1.938479835612597459e-03
2.667227289618574661e-03 4.683439768258800262e-01 6.935757021045554915e-02 2.620038507443857648e-03
3.303245550537116989e-03 3.055339175905889548e-01 4.307331843619621042e-02 3.227619012417417069e-03
3.293992967523510888e-03 1.306777792137140626e+00 1.801748975158273813e-02 2.658788054933004363e-03
9.710843153879537837e-03 5.164171475696747171e-01 2.397691357720516808e-02 8.031111291074383846e-03
2.854408802034998430e-03 6.404524434934438126e+00 6.917298240926498046e-03 7.835725337941871951e-04
2.249718894227679261e-03 1.262175899836791571e+00 4.387237245973681782e-02 2.112962154854946054e-03
2.532480296913765944e-02 1.573884950047791609e+00 1.349184327179062289e-02 6.404445863480723485e-03
1.624576247458402699e-03 1.612264756656820230e+00 1.194810119966143239e-02 1.332473220758831605e-03
4.875276442159923174e-02 8.366011633207811826e+00 2.298241018040908523e-02 2.600579455773618064e-03
1.533884575005221721e-03 1.496777107242233396e-01 1.000259345596984061e-03 1.247538544436395348e-03
1.832018326922154857e-03 4.082531537735435201e+00 1.252041387347254883e-02 1.146899363162213678e-03
1.365999673442198220e-02 1.460477720885702269e-01 4.963247361045991339e-03 9.743520376461234020e-03
3.043852544878032553e-03 4.881547573027608666e-01 1.301383680890983753e-02 2.731930914569580694e-03
1.012532283275115533e-02 6.642885457883723754e-01 8.081325870189048910e-02 9.347338264044761924e-03
1.222237948858107687e-03 9.774372158293880286e-01 1.113977116271365952e-03 5.897612016047920581e-04
2.610355802350200830e-02 5.793621003549959125e-01 1.050689696344997339e-03 1.695719467054314540e-03
4.508444756031564082e-02 3.686043878249686490e+00 3.368665007770437619e-02 7.598662898340003899e-03
2.122612546555503830e-03 1.438412805875691314e+00 9.336684590095779140e-03 1.599544757394356703e-03
1.007206707439931709e-02 1.632064318622691967e+00 2.873600118008353549e-03 1.498721046445751709e-03
3.448799236264517287e-02 1.474197336914295775e+00 6.648054634233001650e-03 3.988126888883957583e-03
9.692786987965724965e-02 8.267490900433097423e+00 1.873311064662654471e-03 2.260591604080132867e-04
2.606029127842715738e-03 1.122774732618829902e-01 2.908086181730953207e-02 2.580069644040778546e-03
9.243793566835628930e-03 3.850157917261379792e-01 5.009797686149981312e-03 5.404433877053960861e-03
3.842563886902380758e-03 1.518497171036273241e-01 2.787944776419082685e-02 3.763791061386442642e-03
1.096229158001453367e-02 1.244162048144936028e+00 2.389610382398075356e-03 1.634316530090356833e-03
4.839332463117455158e-02 2.507798812519946297e-01 9.380877028966613795e-02 4.284982795772778602e-02
6.576209530272499916e-03 6.230054111306611020e+00 1.094144079369363184e-02 1.386072325867266026e-03
2.252388133846615001e-02 5.135226672492292366e+00 2.139246417408345591e-02 3.515609288776496040e-03
3.462478740399384334e-03 9.410840914875436169e+00 7.162449255032756618e-03 6.239376536813015517e-04
7.218235135078889843e-03 7.353583535238485958e-01 7.461488639439743664e-02 6.738844023265116306e-03
9.653580586423331222e-02 6.678794912039301757e+00 7.631911506057915962e-02 1.021760631134173945e-02
1.429668304069784800e-03 3.152333077841987241e-01 1.118075493835136904e-03 1.018946579308906359e-03
5.707177370645601794e-02 1.360116175401372196e+00 9.103723873529824193e-03 5.990751196645819308e-03
1.281640721980990306e-03 3.358265833375860265e-01 6.094296878064065642e-02 1.272652627257730767e-03
1.569607801245741186e-03 2.558902795236455696e-01 2.089873736993445343e-03 1.316578093656353395e-03
6.821175974719291546e-02 1.961216684496201568e+00 2.144589938733199811e-03 1.076246481761505792e-03
1.259336942067065639e-02 1.085195477755034776e+00 6.696025362048421692e-02 1.045878202550356954e-02
3.274627459894844869e-03 1.751610062677912971e+00 2.673791231280439953e-02 2.696227372906182754e-03
2.679801195837844957e-02 2.912468031478983033e+00 3.613540627925430557e-03 1.185812629317773738e-03
2.258353955473417496e-02 1.643647750053927326e-01 5.466820423188299694e-02 2.114762823533383046e-02
3.351684515689085792e-03 4.477062778739149818e-01 4.607898981826447429e-03 2.528329637055988857e-03
9.237876668472022601e-02 7.807336016833714698e-01 1.810638874639189724e-02 1.853766320632720815e-02
4.458739300690504198e-02 2.103541450864064299e-01 2.942281019428489349e-03 1.064719797058771324e-02
6.666586261378755832e-03 2.539371976913826212e-01 5.076150642282139559e-03 4.999316263094629592e-03
1.125127641256176182e-02 2.779249122982308529e-01 3.600735160592062611e-02 1.035224925288119602e-02
1.989445636704449683e-02 6.831418907620663283e-01 4.419338665332619813e-03 4.881730878674174143e-03
6.129061067356274956e-02 1.144266005033346689e-01 2.770912249057814677e-02 4.891105170258814444e-02
1.415679734326385272e-03 1.868620343117060323e-01 7.600910689231268891e-02 1.410769789531725890e-03
1.346251091529977739e-02 2.150867440148729881e-01 1.252180747732410671e-02 1.093406181065138989e-02
2.151129312338309618e-02 3.367786622283968634e-01 2.547397679883913607e-02 1.674825633417491647e-02
1.276119797068300723e-03 5.424773844656784583e+00 1.268478216125777484e-02 8.255692115748300940e-04
1.540396937413490187e-02 1.280729373474503163e-01 3.157423021922980966e-02 1.449809458317620134e-02
5.666540426371271394e-02 1.254009350527833355e+00 1.999326398794333982e-03 1.550716074788841079e-03
2.742129559892131710e-02 4.360854289455783572e+00 4.048335832168894338e-02 6.935405098359014031e-03
6.737736940444895815e-03 9.196896890066296848e+00 1.628380885615957410e-02 1.402120219965360568e-03
1.142050071528268214e-02 4.146329736832599089e+00 2.809370476881847649e-03 6.396092089492074048e-04
5.036944825352080747e-03 2.007814064685181088e-01 7.416490826899557742e-02 4.969184213523028873e-03
4.331424844965413301e-02 4.910406890601142771e-01 1.350317600142988787e-02 1.682031454613380425e-02
6.753276397539410836e-02 6.097481717854941863e+00 5.841876498137007351e-02 8.390456743033954806e-03
1.884589999969100288e-02 7.365811186492998708e-01 6.232277210761097419e-03 5.839414084578047927e-03
4.384336737756689036e-03 3.945595603713646926e-01 1.189577877048056745e-02 3.827711614058676871e-03
6.468348237042928495e-02 3.869441046424402231e+00 4.686397598778569394e-03 1.188870033709208025e-03
9.652240105820043131e-03 4.504354531967181829e-01 1.175903986849277053e-03 2.054833175121092374e-03
8.490788166565059469e-03 7.536610342510969396e+00 4.209325091010121533e-02 3.369042122079983319e-03
1.098850791711012721e-02 5.598145134771076448e-01 2.939992796496156136e-03 3.553436349325030368e-03
1.065276518204201321e-02 8.657100746888894971e-01 1.643691369968458896e-02 6.824029157849108469e-03
2.362562830914289105e-03 7.383517472920319014e-01 6.692741472610100675e-03 1.874096553234607656e-03
2.566686989267340582e-02 2.023628917706843111e-01 1.696055050777979176e-03 6.318133151298010661e-03
2.069013128366472155e-03 5.591153724252001744e+00 4.190758660211447301e-02 1.621432806648179584e-03
6.740273879003463517e-03 6.114612125489251149e+00 2.333078440467495351e-02 2.436377894512699142e-03
7.294326985754812087e-02 5.686558143289236478e-01 8.649259048270666397e-03 1.258566554379739015e-02
3.770083780965234783e-03 2.755024750714574755e-01 2.562927709075206451e-02 3.623245948503403622e-03
2.283172377335463635e-03 1.080147992871760138e-01 2.757913341283674789e-03 2.095766089664288789e-03
7.548721718001408232e-02 4.031583111442409439e+00 4.286207001033025960e-02 9.319079564011583175e-03
2.257947805078140344e-02 7.496519333873723490e+00 3.545542355323508255e-02 3.910480411386343426e-03
3.687965310886052658e-03 2.341388257281475038e+00 1.946932851568810869e-03 6.785385016565821745e-04
3.064516496677372609e-03 1.334810595261959554e+00 6.426998851934394297e-02 2.881142351262155378e-03
6.848728348270136101e-02 1.390947317169017039e-01 1.281668335554220391e-02 3.928673904455558946e-02
3.395608271538592005e-03 1.568078744775951994e-01 3.712990957213940096e-02 3.347602283263198791e-03
5.799083358014448832e-03 1.546633298430448722e-01 9.080953259940141575e-03 5.277806187575487598e-03
2.223498466801207551e-02 7.127197182816279231e+00 1.642059081403925667e-03 2.280305882857888136e-04
1.547545646946696038e-02 5.525400112068143965e-01 1.547508162651699357e-03 2.371523401360768786e-03
8.209192687505198482e-02 1.289841809600185796e+00 4.869094132781844747e-02 2.585860165579020181e-02
1.111704067087552344e-03 2.141987982701416549e-01 1.793053744505657132e-02 1.097133634477953602e-03
5.145794754581827120e-03 4.396432728240562970e-01 1.956477063798373571e-03 2.386377791055435422e-03
9.305345433973116753e-02 7.351253342513858202e-01 1.893909032301102592e-03 2.506900806957592168e-03
1.843913622771313661e-03 3.838894913053934044e-01 5.621889347014566440e-02 1.820985370050717291e-03
1.321980510941515863e-02 6.672748186957130345e-01 2.590500795129324716e-03 3.000936236337901127e-03
1.554845362322960275e-03 2.376201464558286847e-01 1.849818868899983509e-02 1.524398690662142437e-03
1.720879985047377679e-03 9.903634445751508864e+00 8.869799865594413246e-02 1.443514447487928782e-03
7.018211630748226112e-03 9.530642573163397024e-01 1.290312657383351153e-03 1.134923159335823753e-03
1.059782135790495426e-02 3.310750198112522913e+00 2.990710901958558779e-03 8.323829410929161612e-04
2.225623706766839856e-03 9.716574061013709240e+00 1.029211658899880678e-02 7.176733703621742495e-04
3.630054655165369099e-02 2.288003622537818638e-01 4.614254760994631471e-02 3.076322045210100331e-02
2.371661087724804412e-02 1.124746072087823068e+00 1.560810917230861204e-02 8.754559802918020564e-03
2.489595668835437731e-02 7.792229737987838023e-01 6.413825309865285595e-02 1.911450913032102308e-02
6.453073132287819036e-02 2.488415966448955519e-01 3.145557545707134556e-02 4.272156431551012157e-02
7.113805580234831491e-03 3.755792805999911277e-01 1.905045906083992213e-02 6.238820473619032837e-03
3.670292344646517574e-02 2.742949401892915251e+00 1.411653609740228833e-02 4.513586042457191395e-03
7.501348083590090275e-03 2.139047753045407507e+00 2.704258812512243954e-02 4.707907387785569171e-03
3.410269747529030143e-02 5.019500599319267620e-01 1.959163259090214437e-03 3.502264603700169440e-03
2.001311061641692594e-03 1.299565478704678978e-01 5.986297764728450502e-03 1.917981543490839165e-03
1.018521170634103514e-03 7.837526285448968011e-01 3.814398985762127575e-02 9.976427330251251644e-04
8.560634504673663228e-03 3.734870014991530374e-01 1.675203531063154325e-02 7.188618166023491747e-03
4.217332133631867402e-02 3.894794020430285997e+00 2.238896431368655408e-03 5.671133106905951616e-04
3.002010380149665921e-03 3.227564611041815024e+00 1.619875758506686761e-02 1.878435994596056686e-03
2.251026449608493820e-03 1.205001432931278815e+00 6.091707448606194231e-02 2.155066544910108108e-03
4.484845978687384931e-03 8.813750024205125877e-01 3.182597146048892628e-02 3.989361570728141258e-03
3.531013607385073173e-03 3.637554912892237979e+00 1.061144463995209591e-02 1.597443459929822783e-03
5.375869446070838387e-03 7.565232926665322877e-01 2.406634611259835660e-03 1.998539197793279716e-03
7.478105614130047679e-03 1.365453405260061093e+00 7.592368263890466283e-03 3.189088472867376411e-03
6.489433420898158000e-02 4.819641189641661327e+00 1.084526866176279206e-02 2.174811260343556627e-03
1.213040672139972798e-02 5.036640363769414597e-01 4.014975851164982734e-03 4.810379428600661950e-03
2.218278893428602891e-02 6.286870591129152253e-01 1.279482565380224814e-03 1.864140022390447160e-03
2.855469673055104941e-03 5.684648828782732366e+00 3.984228015553976238e-02 2.028875409971035715e-03
6.410340187730578093e-03 5.309389410502572737e+00 7.886872588778948839e-03 1.205994447834864191e-03
2.737440913235852230e-03 3.395101564726759946e+00 4.108223802332235802e-02 2.232410543368592518e-03
3.975905108323298312e-03 1.483608964579459011e+00 1.715572816860286070e-03 8.958130641071400304e-04
4.879369455112151678e-03 7.656821461106368076e+00 7.932057482265327669e-03 8.545216847438580907e-04
4.107221738573570147e-02 2.305527544523486405e+00 2.279622952548728074e-03 9.655203968596464759e-04
3.990027201369692779e-03 1.098463250583999518e+00 1.238484106510353688e-03 8.790694104139616140e-04
1.048767602557975666e-03 9.281059541935123836e-01 8.167988256855523987e-03 9.370952986053601502e-04
2.857417731400356629e-03 1.298593185524790306e+00 3.941817556286780766e-03 1.471872798044351460e-03
1.095649844161553955e-02 2.664038437225402234e-01 2.626705541979939759e-02 9.860750081478988210e-03
1.443350175191190042e-03 2.062643312413996177e-01 1.660790633499613714e-02 1.417932460511591320e-03
3.101499087400269930e-02 2.713691934019639707e+00 6.129050122417697109e-03 2.105256752523649959e-03
1.092837623601722275e-03 5.340160768715985773e-01 8.199874074205468211e-02 1.085114758348298090e-03
9.469797851573950875e-02 1.906016771764729723e-01 1.534921299902250458e-03 7.421881294561190508e-03
8.466902403624762541e-02 1.057614654468664317e-01 3.817517506764104077e-03 2.530687985160533920e-02
6.257279205016347788e-03 1.210189928846900909e-01 3.094336671433077154e-02 6.107808220079830389e-03
1.167216647838683523e-03 7.665518842139760203e-01 7.546477566996791231e-02 1.153539945921161361e-03
2.794991963850069691e-02 2.120845027983111752e-01 2.641403129455006590e-02 2.282713384787109917e-02
2.217971355762476948e-02 1.925169155051227765e+00 1.362646428229224299e-02 5.365731472058007587e-03
2.276469497636784359e-03 2.103349805580367882e+00 2.254122477333763905e-02 1.877624177592708164e-03
6.372327520608183846e-03 6.517880831410471920e-01 2.167311853681168701e-02 5.347533440573312875e-03
9.959766630730898171e-03 2.230995091317995171e-01 1.167604229230898363e-02 8.367401292019594275e-03
4.406035941484886392e-02 1.253679137401555899e+00 5.175189863512686880e-03 3.774381250809720478e-03
1.026067919194828364e-02 8.585670331081031392e+00 2.175218571289843153e-02 2.031846206440890337e-03
2.462913921681642720e-02 4.326943066225375389e+00 1.528597560961116389e-02 3.089580712261559385e-03
2.254247359609978969e-03 1.336919654834665794e+00 2.036175095307716024e-03 9.089331871989377813e-04
9.344378034842006076e-02 3.499826592766692723e+00 6.739570150052553998e-02 1.596649736730640715e-02
1.683678486720949869e-03 1.175233529153772855e-01 1.321767530929557214e-03 1.464447445050161669e-03
4.464749334048988966e-02 9.103007045542944597e-01 1.447436380314440826e-03 1.535383267921909458e-03
5.936134479211291337e-03 5.465858863836808856e-01 3.711412500642834351e-03 3.167248550272653076e-03
1.927080235066010779e-03 1.500443983561031980e-01 7.214260222014497181e-02 1.919387329458783868e-03
3.857073683436029049e-02 6.205815046576917959e-01 5.572239030291093083e-03 7.283500809347517868e-03
1.173247827287277577e-02 4.155689828943343933e+00 2.297424764592949017e-03 5.279606770495949434e-04
1.013637985731936746e-02 5.419301031083540110e+00 2.118639250356716113e-03 3.764251757937025133e-04
1.032581027209604225e-03 4.047294523335587257e+00 1.685790133554052311e-03 2.967996326899014349e-04
3.580648256354698831e-03 4.710104846966743919e-01 2.631677180592633877e-02 3.365000588957325119e-03
2.822286254725003829e-02 3.829634774777163742e+00 6.500232299016811544e-02 1.059910154991984543e-02
3.220659645976921975e-02 6.058884060367022428e+00 9.067395547618917889e-03 1.430093265779547144e-03
1.216005724450890373e-03 1.458580482155643843e+00 1.616025372878938330e-03 5.797312134084111647e-04
5.028760799888309409e-03 9.635688076599656426e+00 4.391293359615094753e-03 4.178632808721992309e-04
4.289203367224326581e-03 1.376026032567153889e-01 2.272420033543505469e-03 3.404871289589949963e-03
5.647710687117576955e-02 1.399653650491207157e-01 2.080167888852550977e-03 1.176582719337903628e-02
6.215806627837622104e-03 4.297095924171849268e-01 1.151835296857175051e-03 1.872851012412531753e-03
4.752097393352258670e-02 2.213073449189272068e+00 3.346261492477338971e-03 1.465415456733066809e-03
3.671819972827213528e-03 5.653258026929937508e+00 7.558540865032413632e-03 9.801285636724128142e-04
6.815883823971033428e-02 5.856662213099258496e-01 6.359808917307975019e-03 9.366781043567385182e-03
9.507848324970445686e-02 6.519977205749447613e-01 1.331929389169689672e-03 1.999874589264240710e-03
1.057182206695256137e-02 1.635013739173074576e+00 2.291591463216522198e-02 6.026293836587697829e-03
1.273391784925550010e-02 7.599720437065185408e+00 7.333555945644404210e-03 8.970021878104828114e-04
1.787015909420694437e-03 2.531153949778417012e+00 1.175708797764679972e-03 3.686680797744669815e-04
2.415998073478945948e-03 4.030802054523834888e-01 6.060058348147782242e-02 2.377787436525620902e-03
7.036764696642171246e-02 2.086367339274841082e-01 2.098530287508385082e-03 8.800377999713232188e-03
7.820081378830416596e-02 3.037464160104409228e+00 7.239613089570376067e-03 2.312944857792533122e-03
1.458398391506779542e-03 1.895648469147359350e-01 2.918450739293578997e-03 1.332200736931740204e-03
3.570024094160917112e-03 1.781373939293346975e+00 2.289382184340948284e-03 9.449896685798320423e-04
3.820186229012082629e-02 5.695352828288627878e-01 1.937034958004954250e-03 3.123038332879687646e-03
1.801834601217573717e-02 4.060737595326012972e+00 6.681010911815540854e-02 8.599984706825474640e-03
7.526614363350761505e-02 3.956959872512094689e-01 1.019398179667377682e-02 1.919282168609880851e-02
3.743803026069583966e-03 9.184620032963324299e-01 5.921421179963835130e-03 2.368453473961365779e-03
1.454750701126798426e-02 2.948793725977384650e+00 1.175984686101982403e-02 3.129975375986735354e-03
4.851396257231546834e-03 2.877528185006489103e+00 2.610049818368784941e-02 3.160813564536779467e-03
5.058914033844046088e-02 9.520910178016327663e+00 7.246098093544834501e-03 7.497919903644923237e-04
2.425576155660012084e-02 1.652966507168067700e-01 3.125352785458582194e-02 2.149788030717852266e-02
5.726176715496605896e-02 2.559004525585631407e-01 1.302013984166903310e-02 2.694120764991609837e-02
1.397169824401538543e-03 2.498878337336388089e+00 2.564454590265279228e-03 5.916594786504122960e-04
7.040005680651053969e-03 1.839258335697072200e+00 9.374561608105682134e-03 2.956462510021475552e-03
2.620317043879195548e-02 1.507411198150947929e+00 2.253985020466941526e-03 1.414548462920994136e-03
2.918634553268412493e-02 2.595888795811679972e-01 2.691234918853087181e-03 7.649952958476425625e-03
2.587978710850785680e-02 1.977664846955619948e+00 8.319342007163424771e-03 3.618480498251124260e-03
1.360348382587179931e-02 1.627370593029304091e+00 3.099989184452666899e-02 7.936092881439113164e-03
1.563161757775966302e-03 3.632587685917693765e+00 1.083168344425577924e-03 2.504133273626401993e-04
6.203295132914047987e-03 1.542745268566121652e-01 1.669262056020568525e-03 3.942822108512590747e-03
1.838927452235262702e-02 7.748941996127494569e+00 5.972426224170362952e-02 5.431098352113011146e-03
6.122432104108797846e-02 1.350379042816429453e-01 1.268533874122372866e-03 8.144295536585657164e-03
3.643111817383989925e-02 3.085216797027133140e+00 3.322891392520602866e-02 8.312799520119934157e-03
9.027128786395642590e-02 4.478045955867956951e-01 4.123378581028306657e-03 8.355677993045353136e-03
1.588700935018353072e-03 7.252599855546452146e-01 7.945332920753682762e-03 1.387489170039454952e-03
4.896176909741969258e-02 8.959241942271793935e-01 5.960241468840812330e-03 5.856828883742281298e-03
1.064583871409227785e-03 9.662569406394732052e-01 4.452473764978408938e-03 8.647901359233355675e-04
5.866403343247360291e-02 4.526379543466045319e-01 3.797040996436018556e-02 3.452200975325570020e-02
3.471785474849443942e-02 2.433746891126181922e+00 2.997348650825461258e-02 9.090885982415759792e-03
1.287655218645524825e-03 5.057288969364106546e-01 8.254229223993322928e-02 1.277575983535771250e-03
5.860992033691509590e-02 2.932618107200364310e+00 6.654203402654071571e-03 2.184462147149203708e-03
8.056812002576202447e-02 9.100224439784976305e-01 2.449899501925787999e-03 2.605083694873099823e-03
6.178940207517883039e-03 1.687501805699100910e+00 1.142499157233772822e-02 3.230571802668540365e-03
5.353820484582463152e-03 2.194443110331043112e+00 1.463394061263249488e-03 5.930003269294737214e-04
5.460396780409521901e-03 6.413814231906654229e+00 5.454975792258862782e-02 3.325416707987314483e-03
1.192717018417593878e-03 3.278614308230444196e-01 1.612863745264662019e-03 9.599684466889830655e-04
3.510116312868060643e-03 2.635358273842141053e-01 9.524164673793768937e-03 3.199374720941540896e-03
5.970068378950854626e-02 9.471420169972555314e-01 4.116066246037291924e-03 4.050899185420990360e-03
5.937780575326342958e-02 2.360740390088554297e-01 1.136055741193427518e-02 2.658057735302680677e-02
1.751833546033228217e-02 2.524601535562310151e+00 3.814228048434412967e-03 1.390871638170812757e-03
4.719952375836092631e-03 3.739250768723628160e-01 5.411080157221056890e-03 3.559097104003465344e-03
2.356573370658172819e-03 1.260461962955320425e-01 2.008754067618192911e-03 2.052994386739053368e-03
4.625635648505848491e-02 8.080826550197253155e+00 5.041636910662148502e-02 5.497512404586006596e-03
2.357739925141481493e-02 3.824744025280045534e+00 3.186842533628040687e-03 8.047766750359607165e-04
1.101980094814354952e-03 1.002130618811024387e+00 7.086421983107187537e-03 9.534042658299793751e-04
3.047892642106844654e-03 5.931238207576278398e+00 4.027118839816789565e-03 5.552718188710804035e-04
5.259413392506510909e-03 4.452800668023548791e-01 3.493440447362868712e-02 4.928986884749260618e-03
3.057096868049490046e-02 2.287837833268954457e-01 8.398796746339627639e-02 2.822086167864914716e-02
5.713186633126053626e-03 1.471508858034879852e+00 3.639420310688288446e-02 4.641099754101830552e-03
3.415857127304194104e-03 3.237731018883489575e+00 3.605151924197352170e-02 2.613963995391916425e-03
3.540603279463307336e-03 4.579823579624386021e+00 5.836257443224859842e-02 2.770776421942070661e-03
1.610920656069450129e-03 7.592851786128452796e-01 6.918451266035679538e-03 1.368904983470893913e-03
2.368658323637846605e-03 5.444009237446082450e-01 1.123597799288287430e-02 2.124804600739190266e-03
1.430335373235412481e-02 5.132497851567988434e+00 1.545103229524579305e-02 2.486993107328317083e-03
3.870181149606852222e-02 6.005899433729045001e-01 1.323590881442824468e-03 2.085085770115443181e-03
3.812089887030795446e-03 5.095203153727601020e+00 5.061578510023331812e-02 2.754914955446235384e-03
1.603399989011343452e-02 2.068961358072526902e-01 4.604301904852231217e-03 9.319415486718097413e-03
1.627728568897553142e-03 2.465373899604621499e+00 1.335692463587129491e-03 4.064846217499699021e-04
6.910796384853383836e-03 4.142874843569831711e+00 4.454583203816577137e-03 9.304693992647153225e-04
3.950726150898110217e-02 1.772525017002467562e+00 7.734699386462845494e-02 2.073469815225969029e-02
1.771903922603130415e-03 6.517231905331647646e+00 5.725105959396699536e-03 5.872939878330802168e-04
2.080649993285104294e-03 9.764452319584455253e+00 4.360632763661138195e-02 1.419362060978619691e-03
7.749053726484286808e-02 3.954638067714928429e-01 1.235141909825003678e-03 3.002267134459143776e-03
1.188458231716701952e-02 3.419493486191886866e-01 2.590218317103371373e-03 4.626239697618836702e-03
2.025555807198746103e-02 5.912612456663119964e+00 3.638092821981105812e-02 4.719458272513356659e-03
1.182717628718685634e-03 3.245173112166035434e-01 8.266244597270358541e-02 1.177251498931361322e-03
5.423701553919948494e-03 7.475974505637852374e+00 1.108366726101447410e-02 1.164307519300879267e-03
1.074574260120547513e-02 3.851658764448828154e-01 3.002654974972703006e-02 9.443974536202288245e-03
1.115983290535200838e-02 3.016109402190312316e+00 8.840304411870143764e-02 8.082454864282240595e-03
4.542511461464245059e-02 7.361375425319811150e+00 2.212030996382468792e-02 2.818470771091242510e-03
3.225683756780627770e-02 6.705670343421506807e+00 4.475671255500096417e-03 6.539152069182679232e-04
2.262166615554563401e-03 8.424944318656596209e+00 1.913278258547766730e-02 1.133279489245414204e-03
1.456981511190111843e-02 3.135750156942092026e+00 3.441567718652405183e-02 6.259817937130867684e-03
8.029848926067542983e-03 2.072323704796193766e+00 2.541937139183931497e-03 1.064068565727111469e-03
2.604925455559936251e-03 2.256003035259000811e+00 1.783774811163673897e-03 6.065666367843088828e-04
2.592250615689076915e-03 6.315223181793117035e-01 1.439526327107127843e-03 1.212905349014215114e-03
1.177199634918811751e-02 6.176264976012078911e+00 4.681086933754129153e-02 4.610670605870331208e-03
6.336509950486499121e-02 8.293859640606285666e+00 3.994832586499776073e-02 4.476350741009300395e-03
2.349136473687057219e-02 2.210361703371269138e-01 2.439059697255512721e-02 1.936813941837834188e-02
7.047062716361936555e-03 1.023647399888139853e-01 3.265684828894714620e-02 6.894761454860892126e-03
2.356744675760218122e-02 3.147856883392357918e+00 2.810140252345242132e-02 6.474620958153753762e-03
1.303737024441110545e-02 2.346528927565952605e-01 9.929440224709672191e-02 1.264769524945087709e-02
4.985507137388973595e-03 1.576175324886636697e-01 1.999376497581284787e-02 4.796974436998234330e-03
7.658141175382764121e-02 1.020023600492876992e-01 9.184748414980907494e-02 7.057879567642399987e-02
1.171291217594063079e-02 1.672310269217273104e+00 1.008750717622629127e-02 3.981586051227877475e-03
4.974999742725477389e-03 7.161461500155726689e+00 3.758089100375428676e-02 2.553846031793640878e-03
1.488917740025243533e-03 1.428528205273447149e-01 1.519226912510836941e-02 1.468360277546003909e-03
9.204533062185420167e-02 4.614603923478201031e-01 1.624233899792045877e-03 3.390131820890618722e-03
1.512279293142170531e-03 3.079945097082226191e+00 1.992890265716552260e-03 4.531612544007459055e-04
2.225153331003304480e-02 1.775518071784208118e-01 1.585236663933447393e-02 1.781227576391404901e-02
5.300714799276781686e-03 1.530414082630187078e+00 2.363975124964889582e-02 3.946441865942104665e-03
9.572418941556833094e-02 6.066986530158174240e+00 5.104202971997541874e-03 8.339780529856311584e-04
7.944321286067664023e-02 2.415535159479809568e+00 4.597511982087335372e-03 1.858777097901721494e-03
5.373058824202486643e-03 1.039095274421711679e+00 5.343278916525390221e-02 4.864747882806082571e-03
1.394107978762921521e-03 3.216238952060946343e-01 1.451727758893717277e-03 1.065132703885638245e-03
5.590981040261290905e-03 1.303590482393853500e-01 7.703805299771609993e-02 5.538582100437938575e-03
2.448576457795277866e-03 1.137011028158558146e+00 3.501437389368794624e-03 1.364019227523508015e-03
4.776585952967368764e-02 5.838966013948970968e+00 1.144793849006267485e-03 1.952595892245276039e-04
6.813960001378854478e-03 2.119661810747518471e-01 1.224590598338031085e-02 6.095082602176626202e-03
6.302046402775096645e-03 8.544301944118813941e-01 2.524221022858700106e-02 5.194052985568881065e-03
2.075784013211253928e-03 7.935107643780896503e+00 5.864249589752216010e-03 5.449952585076736503e-04
3.660857997586520335e-03 5.752204931521919251e-01 2.235690608835975979e-02 3.345723745500777963e-03
8.859904792547996025e-03 1.772421557900810241e+00 6.070532994586313319e-02 7.039023380559178943e-03
7.421528819108706709e-02 2.575404515412680340e+00 3.702782741641755335e-03 1.410424339373183384e-03
2.795984754256924595e-02 2.235212672635095821e+00 1.950685695026148142e-03 8.462917850802820262e-04
1.045245124832008647e-03 1.438583709711910963e+00 1.326926250602391416e-02 9.388541841091479915e-04
7.940388554330116144e-02 4.964751284015050392e-01 1.643037042233746201e-03 3.176993428573661286e-03
5.194853612349816657e-02 2.411040725627164871e-01 2.958044515744460978e-03 9.924795234348684700e-03
2.183704313287127691e-02 4.068492167595440523e-01 3.180110991228912200e-03 5.756081919544057783e-03
7.506503601964033268e-02 6.584786280125548785e+00 9.277399520792626447e-03 1.382957227671618950e-03
8.502744155334086840e-02 3.444271926815857809e-01 5.279452491975528822e-02 5.469015150880876530e-02
1.532351169859380623e-03 2.095851641558943879e+00 1.309835097164263086e-02 1.230616646378474531e-03
5.040867691302199777e-02 3.611721380805878567e+00 1.253779522566934390e-03 3.447675583433725140e-04
9.026730375019486122e-03 5.414000638545115152e+00 9.192301178322831445e-02 5.893474151577492853e-03
2.896540457762779991e-02 1.332316616069539661e+00 3.306221682971682493e-03 2.285732550805291956e-03
3.892210330351882769e-02 1.039823241242734814e-01 1.903779710551153220e-02 3.209836920511897895e-02
1.357974612367752716e-03 1.169746549027777638e+00 1.196540627789693554e-03 5.834313076330717180e-04
9.541150701370305562e-03 5.000630858438234183e-01 1.128516624435778890e-03 1.825068789938855433e-03
2.122502746710332525e-03 2.021718036408618746e-01 7.812931012377762399e-03 2.011997645868779210e-03
2.161520161384082855e-03 1.149770587558699847e-01 7.315669933307229755e-02 2.154201986148707518e-03
2.426309252871192493e-02 4.259366689698114716e-01 1.177602161965924212e-03 2.481924545752670422e-03
2.143365464076932292e-02 2.170435701441069398e-01 3.994339134122430052e-02 1.919777180046775000e-02
3.312766007404707464e-03 8.655931656516248074e-01 6.998642613576828986e-02 3.182376593062907159e-03
1.599391627061762591e-02 1.902809320937782489e-01 1.435556178416764594e-03 5.126303059343344064e-03
2.429762897670749780e-02 2.239078046202361838e-01 2.696134174076829110e-03 8.051270339897595441e-03
8.577973788487930351e-02 5.857001757455623236e-01 7.415487820603465507e-02 5.113493705613575413e-02
2.391228754339432081e-03 4.590088426075988326e-01 8.889149457162714638e-03 2.128420284561096699e-03
8.239644676461867212e-02 4.227320494787986660e-01 8.130435593650972570e-02 5.768402125390714730e-02
5.735297166121242768e-02 6.469394695688219343e+00 1.168177327590625043e-03 1.800030825013216695e-04
1.849735939125793979e-03 9.851674819672068040e+00 1.272437502438179130e-03 1.207294652156749859e-04
2.474974905814238471e-02 6.385150899363705168e-01 7.008502501652112693e-02 2.019588876746518727e-02
1.737035753607441349e-02 8.149368765601674447e-01 1.204078066681136573e-02 7.983984919730416352e-03
2.095974800340876919e-03 7.928450002899024573e-01 8.014624312425522659e-03 1.736021418442565021e-03
1.198229158000951866e-02 4.819844758116022199e+00 1.421320367696847367e-03 2.878062100488525945e-04
2.172089404948110425e-02 1.690455494918595702e-01 5.064394586129977727e-03 1.259162892885650961e-02
1.502736483091319554e-02 5.725723098426722668e-01 8.240852937383098820e-02 1.360669352026493313e-02
2.187118835708247878e-03 1.506034939507980563e-01 4.871646253001046117e-02 2.172430332545591692e-03
4.560223632206707872e-02 7.796380473492040553e-01 2.074503429086962253e-02 1.680371190208359428e-02
5.893032620150564886e-03 1.660946192398135568e-01 1.908709646105491084e-02 5.605574444683058925e-03
6.522336540100788504e-02 2.668768835187616539e-01 7.529721947811349007e-03 1.969471038164977844e-02
1.274392092327576026e-02 2.406748277776644240e+00 2.226741720230789034e-02 5.360417304525131807e-03
7.550654004807767772e-02 8.493581222374235740e-01 6.959770416129711958e-03 7.391959612080719472e-03
7.907631683008282952e-02 1.635323407802793672e-01 3.103323979457372258e-03 1.530412132775932875e-02
1.785795124966753009e-02 6.307850122808922322e+00 9.770280153994463646e-02 8.294688756945986507e-03
1.715983464137654443e-02 1.756473244303788650e-01 3.483689665701538568e-02 1.579339435791446075e-02
1.592422627498068285e-03 9.787793108380046903e+00 3.652919918596968154e-03 3.023506870934100036e-04
3.005227471565246992e-03 6.806238067619682752e+00 6.167237687341200342e-03 6.962015786589327527e-04
6.603046364867443986e-03 4.467355973261197821e-01 2.992718169132282252e-02 6.010602639648826399e-03
1.019480066176778679e-02 5.314122859908733121e-01 4.877532347371358636e-03 4.829978274846187872e-03
2.593205689206328282e-02 1.281271160257662078e-01 6.238922666296764334e-03 1.692074671472232339e-02
9.929150421546503735e-02 1.072367327183958885e+00 5.283214806858969013e-03 4.693785803057484891e-03
1.161107925687070164e-03 1.583869831133634665e-01 6.044781538581763328e-03 1.126825761266474256e-03
3.987973356889123328e-02 2.488452991567085437e+00 2.946979504695011742e-02 9.131069981047261128e-03
2.961210884373443979e-03 2.134374680236281741e+00 3.733162135641476115e-02 2.532459400004244063e-03
3.240119967052887406e-02 1.518448085076273824e-01 1.076971638676689838e-02 2.224085805143129202e-02
1.295356123011861225e-02 1.822337687312345800e+00 1.748408160875456613e-02 5.511851525602856280e-03
2.773878432403663677e-03 2.051096835571933230e+00 1.005163964231836626e-02 1.771284605792757894e-03
2.960465576015762230e-03 1.745083976216102173e-01 2.534209092247517725e-02 2.901319030011102838e-03
1.339235185189430882e-02 1.091627778651902969e-01 1.495337161193841316e-02 1.219963053435013309e-02
4.327402889515094553e-02 6.312798832607016131e+00 3.357482285729097241e-03 5.253959015934679677e-04
3.424791387413991892e-03 1.008393937757712022e+00 5.488183093929940859e-03 2.102042790173437245e-03
1.128986194047879770e-03 9.980360889756029863e+00 8.562187876725371738e-03 4.874761272550034432e-04
4.616143084535712267e-03 6.782921769095890951e-01 1.234985514620915402e-02 3.682506727516146171e-03
8.840804559051375355e-03 3.130362778029707194e-01 1.291260858365508336e-02 7.280428094714962682e-03
1.967040065050740163e-03 4.727894409468517800e+00 3.706799789821048352e-02 1.572513517454707114e-03
3.659394407361950957e-02 7.690396386894072123e+00 1.526751366545359622e-03 1.974557817626361792e-04
2.747439159109468614e-03 1.801609426561006089e+00 2.312088782361601189e-03 8.747465985131517218e-04
4.322982340056142486e-03 4.750246214957116742e-01 4.794955068828848921e-02 4.145446376452061044e-03
2.288083779495448181e-02 5.588607793002339230e-01 1.437681686312194257e-02 1.210990193035984056e-02
9.519877215339536680e-02 5.125635004202910849e-01 3.451028839448214147e-02 3.943712030294061616e-02
2.564072866080271615e-02 5.426915891091679267e-01 6.203874493426779491e-02 2.094325255054644425e-02
1.010835414693776572e-03 2.723387241968991290e+00 2.039474364765665477e-03 4.301781042148982402e-04
7.842454225074353691e-02 6.971251137902928496e-01 3.309531212497447260e-03 4.476420811834773070e-03
8.447739040865712146e-02 1.522360694460666852e-01 2.092628444150255659e-03 1.182225654560376156e-02
2.056403593636136479e-02 8.885259054775468401e-01 4.441701913976464980e-03 4.021388076416730455e-03
2.719468883681267629e-02 1.912401894719147899e+00 3.602949681221287448e-02 1.112957748879136316e-02
1.299684576136841312e-03 7.817684097156590850e-01 6.277367572775832683e-03 1.118624445860860088e-03
5.760672603634810207e-02 3.914748748960535929e-01 7.864437061378704366e-03 1.489492798822225975e-02
3.105103925101817056e-02 1.699457273598640850e+00 6.740397745201846813e-03 3.516976252173640693e-03
7.816911903026638186e-02 3.872551560609985843e-01 1.344837450650656317e-02 2.404513139285027398e-02
2.049323658786752177e-03 2.547280079643803874e-01 4.350844466681841154e-03 1.829783758273889399e-03
6.774633280697147340e-03 1.393002805733679350e-01 2.440693120748195152e-03 4.885590893688991285e-03
1.690930090359920104e-02 1.534774657815808629e-01 1.315441103062710282e-02 1.412301174895195729e-02
7.913777012782055240e-03 3.790448792383669385e+00 6.910478289523785435e-03 1.481768268406051352e-03
3.050778603288106187e-03 1.151185645623933190e-01 1.856499188764239869e-03 2.565460373789342236e-03
1.025750596307665758e-03 2.131334955041395973e-01 2.789665381248787601e-02 1.017774453548375225e-03
1.368383681388409163e-03 3.413768406751484519e-01 7.948372561344769702e-03 1.292426377859558478e-03
3.517880528729394607e-03 6.192947383551997698e-01 2.472043774754418763e-03 1.869922943348229383e-03
2.044064816323635809e-03 4.183839215917280363e+00 5.091475016737918163e-03 7.628024044419791806e-04
1.741508671984527169e-03 5.684416501244644593e+00 2.764716848285066718e-03 3.801887942846305800e-04
4.470354230776330678e-02 1.804977549717388552e+00 2.847081435026605281e-02 1.165948788893191208e-02
7.347856144325255572e-03 1.384649920435926607e+00 2.101517904941414480e-02 4.950931230245033537e-03
6.649341037981208041e-03 1.372007942937434999e+00 3.038362674910893846e-02 5.113860005065308870e-03
2.514665396167479160e-03 4.372259640934416103e-01 1.049937023864402214e-02 2.276295434572930820e-03
8.757593672625704415e-03 3.062455578929336175e-01 1.142921052620854373e-03 2.616865985119093407e-03
5.420355547147612946e-02 1.575562139224086611e+00 3.644683284756480672e-03 2.218576245698947180e-03
2.030280413537241188e-02 6.199269034918502008e-01 1.432559841896286325e-03 2.074710540649898991e-03
5.516949708087871829e-02 7.195827140885842965e+00 1.072050351427300367e-02 1.450648299929528607e-03
5.251000348166539461e-03 9.532508097367748956e-01 1.234476809366493073e-03 1.038820692869583950e-03
4.861807521670541421e-02 2.635361088750904912e-01 2.680071674732182468e-03 8.410413294646855789e-03
2.073100606230566384e-02 1.017685397464836550e+00 3.445761334943874682e-02 1.285820729092842542e-02
2.175969434062250199e-02 1.941393918755482118e-01 2.532942655557244779e-02 1.864937255340145400e-02
5.361164486377478951e-03 2.367937457407618851e+00 2.011222777204178108e-02 3.286631941187585261e-03
3.989118500927383432e-02 2.315824824056077202e-01 3.620759332311075662e-02 3.178219341555447303e-02
2.063445442939809953e-03 4.999873425724721265e-01 1.422808878932647902e-02 1.923938261134858132e-03
3.110501433448380378e-03 2.726504414465031889e+00 3.639306743533853115e-03 9.339911703115492698e-04
9.972156513788733162e-03 1.261391906656703921e-01 5.156978663079731309e-03 8.016731631502096306e-03
4.215045171652657963e-03 5.579382540038410054e-01 6.997538146064859188e-02 4.077991884975186443e-03
1.423769781955749880e-02 1.616653137655061079e-01 4.791290986921078847e-03 9.617459056836049833e-03
1.348425006756374250e-02 3.441414340565302488e-01 4.517583501679226302e-03 6.651642536431129696e-03
4.916452114710832128e-02 3.148953224224279590e-01 6.023142815241583348e-02 3.911144957376050391e-02
8.302146916105195007e-03 1.348761678284856602e-01 7.118256751038999977e-03 7.173668431164857522e-03
4.481004267965999627e-02 2.848263964723073638e+00 3.466224607769323104e-03 1.184783848018704103e-03
3.668031997688079443e-02 6.265258596584999395e-01 1.208940768562949538e-03 1.833159693657027871e-03
3.170922602047268439e-03 6.890312448312310156e-01 2.029287165320888767e-03 1.526929420507809349e-03
1.292047789593978686e-03 5.899677462506224268e-01 4.241538767326939047e-02 1.269237732081817576e-03
3.544897175017978821e-03 5.779861844155308681e+00 1.902866914155659783e-02 1.706949062767213225e-03
1.372054412513665960e-03 5.993273385649962037e-01 9.205339324966518855e-02 1.359906416397220442e-03
2.285508729849588649e-03 2.585268593546207749e-01 1.012357149052823049e-02 2.159470559984858536e-03
5.545446917285146854e-02 1.018482572315150936e+00 8.101491642181270214e-02 3.267508768391014229e-02
2.886927066462198228e-03 1.654935183089605300e-01 5.975427759202043415e-03 2.673191009704223211e-03
2.316839636208002737e-03 4.063528459822286720e+00 9.318837478221965454e-02 2.104253205616556273e-03
2.086394310990786691e-02 6.153219682947557168e+00 3.642000310517461148e-02 4.610818550082137861e-03
1.530620049009144557e-02 2.795051405344143869e-01 9.825251369158778322e-03 1.066318247799357202e-02
8.398455647565583604e-02 9.844406874060563917e-01 5.056645266961704716e-03 4.840516612149085331e-03
2.117639554327392735e-03 2.309211112146358769e+00 1.031451808945884306e-03 3.688647470616638843e-04
7.470081712723517300e-03 2.525579262391537960e-01 4.064432911452422852e-03 5.101887654975472558e-03
1.368804493653740222e-03 1.114307082386983699e-01 1.027625998099124249e-02 1.348784960539461128e-03
1.290792952200641407e-02 3.581237781267380793e+00 3.097464203843659433e-02 5.178928518546576515e-03
3.253169954634294991e-03 4.266602738933723771e+00 6.546923981803982884e-02 2.684116543474366050e-03
7.786290317483433171e-03 1.348098268311095138e+00 5.350456365138942481e-03 2.628878417971053025e-03
2.225243901081667974e-02 1.319075753777309679e+00 4.003652661635106851e-03 2.670890422160876118e-03
7.298189496215130856e-02 8.321225913173710964e-01 5.386999511648436247e-03 5.946339486739499539e-03
8.630866439146417379e-02 1.745532847396332743e+00 5.198631386425400791e-02 2.214197043349182270e-02
2.201473060990034175e-02 1.171574661809637596e-01 3.731957497001597152e-03 1.301792395792357275e-02
1.193288096144665654e-02 1.560885383525874914e+00 9.227203544999969254e-02 9.928693559325010506e-03
1.178156834806890797e-03 3.505969792596144718e-01 1.480770243307527947e-03 9.211919716786754787e-04
1.353325045300353933e-02 2.199387711689976488e+00 7.120557888192616258e-02 9.543812011120998695e-03
3.664715465712096304e-02 1.904125875078541030e+00 1.970156658735293994e-03 1.006267285227164078e-03
3.761724377281723368e-03 1.453775061244002853e-01 3.520931503489451234e-03 3.256002905288622740e-03
1.476301135395099995e-02 3.293012396526804331e-01 4.168576842992397641e-02 1.322113595593046170e-02
2.127121354274897225e-03 8.446988210399261732e+00 3.048565243777964003e-03 3.085537256028142005e-04
1.012595533439158329e-03 3.079696038917379752e+00 6.449703197175359060e-02 9.658937477054843363e-04
1.734447578615252571e-03 1.345647175526167416e+00 8.352344927279230224e-02 1.687298217833645923e-03
1.198012003291083587e-02 8.927209107752439365e+00 6.652074285709146106e-02 4.594036415333966131e-03
2.547038628792170842e-03 1.640492909192744930e+00 5.692923151778076993e-03 1.468911178716231962e-03
5.250534476551449448e-02 3.396752842046112386e-01 2.559808252131891282e-02 3.094515176670099496e-02
8.119971861844596517e-02 2.321552730360470496e-01 1.845275202992100946e-02 4.016648424604284812e-02
1.028042852338014075e-02 9.635155999944254646e+00 1.172203204204122495e-02 1.087852839929621344e-03
3.177225337736010180e-02 1.936201434309948732e-01 1.601400355290104847e-03 6.562507749748239597e-03
4.123801617726086284e-03 1.027019961003624582e-01 6.594192083593948192e-03 3.874928090487349090e-03
1.296035514654321399e-03 2.745943162325602538e-01 1.434002239909827874e-03 1.038344116042459568e-03
3.917982482211488163e-03 1.177561383028721403e-01 2.737677045081539622e-03 3.352930523410784826e-03
2.746805533746617383e-03 1.828065363976087765e+00 3.603617227230800947e-03 1.147650407314899099e-03
8.460549860455957721e-03 5.109131679218243072e+00 4.194041665934219142e-03 7.482880656894010237e-04
1.576081525965263323e-03 8.041531243839486365e+00 4.299480442357565997e-03 3.992279762496786901e-04
9.491654191580559119e-03 1.800837533421357772e-01 7.237546874499650729e-02 9.272661580715687094e-03
3.296009489455683367e-03 3.142267577975830228e-01 1.454421521234054715e-02 3.076903051725358995e-03
5.834243113031489097e-02 1.037241678559243097e+00 7.111770081688606471e-02 3.152083938423707460e-02
5.486701384254226606e-03 1.161842936684225058e-01 8.706996841974946888e-02 5.446823358401187143e-03
1.170126413185663961e-02 3.159334458273761470e+00 1.111549068322105439e-03 3.415602040209745152e-04
6.562284859364932166e-02 1.195733128855477778e+00 1.972812413128582215e-02 1.318405832459416081e-02
2.977852640920502884e-03 3.605680849194873083e+00 7.495464092436157633e-02 2.604727694743951862e-03
2.703463185879102781e-02 2.783125257459421409e+00 8.360698064968863363e-02 1.422924768941884362e-02
5.891408641141560043e-02 5.340170726582716965e-01 1.523621087239383776e-02 1.922223977405305290e-02
2.121223271902723806e-02 5.413300955827000216e+00 1.168524915907132684e-03 2.136872618282460712e-04
2.242485882308960926e-02 2.549556649381536033e+00 3.971800190596660139e-03 1.456647266864329830e-03
7.174658565131345790e-03 1.133639698175560179e-01 2.302573923309481768e-02 6.929871816695374297e-03
5.946757622998666976e-03 2.153743996124835025e-01 1.332403003213285123e-03 3.032118175125602267e-03
9.490309730675565436e-02 6.025763307520445311e-01 1.016358260704699687e-02 1.432154846205420905e-02
3.418594010757520368e-02 2.653493024291246893e+00 4.788540354266260408e-03 1.714131562485763510e-03
3.303522047601855326e-03 2.692843094269451676e+00 9.529852139199043032e-03 1.708594232491223450e-03
2.826678712369546168e-02 9.127785005059466661e-01 1.581106201119367172e-02 1.074026407774531476e-02
8.690033182243674797e-03 7.631555992410596012e+00 7.333127193768304575e-02 4.563210469714075630e-03
9.780706854770124595e-03 8.432721833472522910e-01 1.178958659992456436e-02 5.754767532611223396e-03
8.978731836882943018e-02 5.606230871921486170e+00 5.187648591261082021e-02 8.388821529820067457e-03
7.083337681348585158e-02 4.364291657071349029e+00 5.226461558938719221e-02 1.024365628174452383e-02
1.615579188502353067e-03 1.073741021602036966e-01 1.827994762733921915e-03 1.475553472869740651e-03
9.589167119311814771e-03 6.988429396148574391e-01 1.701011096956318728e-03 1.941279880324304303e-03
4.628411719918511767e-03 1.985273806751600034e+00 3.720264570132482494e-03 1.333876417746665283e-03
4.590700744519518595e-02 1.930397494292184879e+00 3.287100627907479228e-02 1.242087646868742998e-02
2.880177637854252140e-02 2.506061018237791815e-01 1.626625910033321519e-03 5.297029077791451206e-03
1.676630784216017606e-02 3.866965951110425403e-01 7.370296241346184496e-02 1.541066805788227252e-02
1.587764230644923835e-02 5.256555763412238846e+00 8.244712361542967660e-02 7.890272580853337908e-03
3.848975316925725820e-03 5.334432723721077574e-01 1.487123407839600724e-02 3.382032087687282442e-03
5.074550143276951655e-03 1.929937091376761060e-01 1.590702905792583735e-02 4.780242490753621419e-03
1.630373780206389317e-02 1.542478581651964831e-01 6.672270885991196665e-02 1.571156021107095527e-02
3.695525870560203204e-03 3.176906690752289708e-01 2.220726169492179530e-03 2.417475872276029711e-03
5.208728244365911503e-02 2.146180983704109868e-01 1.063622679171323873e-02 2.539581030754232971e-02
1.102434395848361478e-03 6.463663408506545860e-01 1.593235727679145159e-03 7.617436737077404752e-04
5.461417988068815316e-02 8.251823805360140041e-01 9.022711079232277609e-02 3.642207374195173541e-02
1.543464297985400364e-02 2.080306579166891101e+00 4.663421443771781361e-02 9.140906696187476449e-03
1.637921343228486773e-02 6.501040494145732040e+00 6.656636718864891722e-03 9.636897207392838968e-04
5.406760822742395778e-02 2.095748193372959922e-01 5.860497787619449797e-03 1.843115975294603789e-02
2.149184183837921178e-03 4.462583723938510216e-01 9.223263427755902522e-03 1.946749268496414343e-03
3.229596737894421116e-02 2.986720102917175268e-01 2.592182984733782530e-03 6.840699392962495441e-03
2.044989722227386064e-03 3.627538430114434220e+00 2.830465244290092386e-03 5.647786992211923859e-04
4.021030021062772103e-02 6.627759924461471996e+00 4.908141135824280188e-03 7.271512263551292926e-04
1.832631825514456636e-02 1.785744810726736409e+00 1.507555625111555450e-03 8.070397769209072293e-04
9.090854739926905112e-03 6.795787268307570406e-01 2.393956878366302037e-03 2.538887876506656840e-03
7.305654846119302714e-02 1.269644486143880036e+00 7.907941989138485284e-02 3.362097710961031022e-02
7.636903051783407170e-02 2.266776222359825788e+00 7.812502619471858867e-02 2.374787034596194044e-02
1.607057377039753645e-03 2.034449598232830614e-01 1.007194668475878789e-02 1.556530491167309928e-03
2.838920332733149612e-03 1.241694096792109875e-01 6.776099943912927692e-02 2.824228100359525186e-03
2.082587026220287379e-02 1.415676786058714665e-01 3.950997577180673237e-02 1.937973678461369156e-02
5.020076747113315710e-03 5.635560836509889704e+00 9.787008086880285770e-03 1.290288053324289107e-03
5.844472678464209155e-03 9.030936421291212213e+00 1.367590626591166057e-02 1.202710018256599421e-03
9.866172094348398328e-03 1.231162916677699531e-01 2.629227520606068277e-02 9.430489434162678264e-03
7.983671726385513367e-02 1.591874648071977649e+00 6.734757586666370935e-03 4.017797314718836096e-03
1.530904364009094687e-02 2.121771698336265555e-01 1.328211635103857024e-03 4.443113994459534088e-03
3.184786595011711990e-02 4.904628082052632787e-01 1.798274023997867635e-02 1.704350877282062582e-02
3.448087287915631727e-03 3.249310019377101844e-01 1.530605939194795489e-03 1.990822352252584037e-03
9.306344025134244760e-03 6.010416128214746134e-01 1.825340375030530668e-03 2.289744027789930320e-03
4.813367892905901640e-02 4.952557281878176454e+00 9.383484641540001947e-02 1.359527165272014261e-02
2.843988047401034471e-03 7.266688947680464139e-01 3.515761584291843961e-02 2.686093872865470515e-03
2.035384213802534595e-03 2.645613553955692976e-01 2.669958961928817036e-03 1.693778688395531067e-03
2.905878298359579857e-03 6.134274743563756793e+00 1.789892899466397156e-03 2.651602578394881117e-04
1.454856369038247214e-02 5.362597611874498682e+00 2.161726543611809659e-02 3.156511586390926133e-03
1.210188195771176025e-03 1.932386186511356185e-01 2.359124585634106083e-03 1.101044002359828720e-03
6.170808296538118562e-03 3.067165627754083190e-01 2.770129967639083438e-02 5.776153093126372949e-03
8.956761588813795180e-03 2.369774086959680059e-01 3.901541033998497804e-02 8.494629401383641670e-03
2.454229924332707209e-03 3.431056419859423112e+00 3.204067699965557417e-03 6.764509856899392735e-04
1.996478046013763861e-03 3.173653059186352543e+00 1.950227689021644551e-03 4.698792331208747957e-04
3.066361988311891613e-03 9.307797871810524981e+00 3.404142414941341462e-03 3.267572708118838794e-04
4.047487271207657333e-02 7.299387266309551592e+00 1.996266138137109403e-02 2.561746433418325263e-03
6.175436476556784432e-02 4.828907769793450711e-01 8.748011419214953011e-02 4.605494784575808742e-02
1.567730028048852295e-02 2.495664330904556749e+00 1.369875813149837177e-03 5.303339253273271509e-04
2.241548305726192777e-02 6.686244752909823452e-01 1.468642370212093875e-03 2.000483844348733241e-03
7.765407676294684529e-03 2.868552863972035905e-01 8.074786248808753578e-03 6.086388203658910784e-03
1.654950380351186611e-03 2.849701016084601246e+00 2.847815574783068432e-03 6.230879807718773741e-04
6.680263607745894928e-03 1.274345694980490995e+00 6.262644560201640655e-03 2.831430804417422661e-03
1.892224045873278993e-03 1.739267922677463496e-01 1.993381368393177047e-02 1.861490722486313981e-03
8.366670391693617481e-02 6.911085834296042396e-01 3.585392416943960874e-03 4.884984644994339389e-03
3.687919931956510234e-03 8.001457188839071755e-01 8.058565133386772286e-03 2.699442213728536853e-03
3.427746970912280700e-02 1.965578470271452938e-01 5.267666735160388830e-02 3.039044016563940270e-02
1.475316409290526598e-02 4.654618334624753828e+00 6.081412424117056681e-02 6.929021974673599260e-03
6.202842807656933598e-03 1.139664519417943556e+00 6.182599009919918093e-02 5.566384545195615825e-03
2.851836786766966635e-03 1.602956917336541443e+00 5.488221721211183207e-02 2.632559772480171437e-03
4.076195892061780686e-03 6.444366981745055512e-01 4.074954381691323069e-02 3.829343743089262675e-03
3.599989670853209756e-02 6.225153997115698168e+00 3.048190492153244474e-03 4.830862842205952768e-04
5.531731773332752670e-03 1.677569185302620891e+00 6.545192112541273199e-02 4.844825760474626500e-03
1.995905964258502460e-02 2.262672935315371170e+00 6.147004539788281097e-03 2.391222422832265000e-03
2.704279408040478200e-02 4.826348042688694551e-01 6.904980434783211662e-02 2.274376731160667603e-02
9.739502016317258884e-03 2.303124523384905975e-01 1.044471604685680809e-03 3.094242817023273341e-03
1.175421909545223097e-02 5.148957416872036674e+00 2.902265621407054078e-03 5.378679572794554985e-04
3.686710175805832292e-03 8.203844301835212516e-01 4.204619434962698910e-02 3.439309451446682757e-03
1.366550186362435609e-02 8.400424474640955097e-01 1.463525932491708008e-03 1.545207389735467904e-03
1.394776010172478443e-03 3.057936327348046990e-01 8.787738044973754381e-02 1.388039150200200134e-03
1.196844768619250354e-03 1.081140702757147354e-01 6.346147094675874678e-03 1.172929146217085820e-03
4.189466508374397463e-03 3.405748595619790819e-01 1.154062003402603169e-02 3.728493442994769164e-03
4.434392957791962603e-02 5.548749008996770371e+00 7.760231219735062858e-03 1.355794930248004721e-03
1.562719335840929633e-02 7.364246370417070864e+00 5.053670802686334625e-03 6.573764502478782494e-04
1.399428007310283585e-02 1.303244376748939226e+00 1.045374991232238954e-02 5.098778351021500052e-03
1.506933661518571402e-02 1.805179331450707636e+00 4.861674057825243582e-03 2.284836392475109428e-03
9.253399567199392314e-03 1.537963302563939871e+00 2.346482262201801498e-03 1.309754289961483206e-03
4.523068205989347335e-02 2.071617510572479059e-01 1.678543593973152786e-03 6.871603351007367702e-03
1.908631943643668977e-02 4.674610003681871184e+00 6.769692442098020416e-03 1.346051110292188161e-03
2.542525959450016738e-03 1.937682433805840987e-01 2.108284768927658290e-03 2.060930779098516918e-03
5.429594640972449510e-02 8.303077628643728003e-01 1.847499582553862631e-03 2.137482821795970694e-03
2.702719013461705837e-03 2.066499810518178215e+00 1.607639509319863311e-02 2.005856079685226171e-03
6.181085298246622936e-03 2.377890445041151990e-01 7.543364632662320421e-03 5.173123011771468306e-03
1.092431906838100316e-03 1.388455566366897098e-01 2.273855020482021434e-03 1.024117341214028339e-03
1.644973085263303023e-03 4.410927711946634466e-01 3.416431890367283702e-02 1.610763504576384012e-03
4.480126369185782886e-02 6.269792626786854228e-01 7.224706541148268046e-02 3.225903736938189742e-02
1.194951976218347998e-02 2.399132460641113518e-01 9.948232966219966444e-02 1.161480815545260295e-02
4.497965114342233894e-02 3.255066548195721943e-01 4.742739622952431115e-03 1.100535001751437592e-02
9.985534178548163831e-02 2.146183519885044855e-01 4.180021399967914081e-02 6.601152069095345132e-02
8.148112320180053367e-03 5.440697238136644742e+00 1.063323081438791390e-03 1.908608090160416844e-04
8.435022743528756972e-02 2.598774726917357558e+00 2.325529313823920200e-03 8.854623529680269315e-04
6.232651320492489828e-03 2.068451910965191765e+00 4.462385329867590844e-02 4.835626955458161361e-03
1.956098796808065227e-02 8.821910470797538650e+00 5.436583849862742721e-03 5.974372753264814819e-04
1.910950318706074137e-03 1.507212831360212613e-01 9.157173172731995769e-02 1.904958645698989501e-03
1.275844011476286654e-03 1.233512645643490696e-01 5.436786331169175812e-02 1.272161524861219325e-03
2.351571515583550029e-03 1.279868348754042151e-01 1.589864936807203893e-02 2.307882036614472120e-03
1.232683023150660251e-02 8.395346722244148019e-01 5.749146892281608960e-03 4.402347213905186130e-03
6.746774534746390051e-02 7.476951739262961416e-01 2.130344704828229102e-02 2.003234129544042771e-02
4.415337764403931553e-02 3.305713755357942762e+00 8.090943854308601038e-03 2.319013025534247003e-03
1.157414570987899335e-02 9.214803325585622096e-01 2.204001556006398611e-03 1.982185328085915663e-03
4.605329936642107644e-03 1.463337503266708417e-01 2.431227519022930317e-03 3.605826168153434229e-03
9.070557844202853381e-03 1.239093977176514427e-01 3.341345373140869237e-03 6.787461438447870733e-03
7.305894210577291124e-03 7.997650069071233769e-01 2.088928029641176978e-03 1.924058055257110711e-03
1.398933372644952430e-03 1.223072815808137481e-01 2.458901165043613207e-03 1.307923086998841189e-03
7.887472526969236883e-03 2.452893716464540130e+00 9.630968545060946198e-03 2.621427868018396268e-03
3.577547975913291517e-03 2.783762796287911012e+00 1.882276403378701319e-03 5.686809716513586662e-04
5.304609252096967494e-03 8.169120219934661975e+00 7.848566163323368247e-03 8.134329200612083191e-04
3.396901311304753156e-03 6.325523222833000503e+00 7.967458836523385463e-03 9.188594447797789316e-04
1.091502219340696397e-02 4.164092952007989457e-01 2.083095290107239098e-03 3.430341600576780527e-03
4.384597453456112737e-02 1.939387259544370190e+00 1.272206196125410214e-02 5.706135686619041338e-03
1.837877206024576479e-02 1.476451440796337777e-01 3.600465577749836863e-03 1.048022092573613201e-02
3.619533945674916625e-02 7.030811665985241543e-01 9.084749815898424119e-02 2.827494351098037290e-02
1.919631620806519848e-02 1.983810986103805796e+00 8.908766059441058233e-03 3.639353074722751543e-03
1.321886006443243923e-03 3.316604881729114496e+00 2.729255155362375618e-02 1.138932191517037307e-03
2.150244095128609617e-02 1.538808346270548855e+00 6.651458052193127968e-02 1.435930560675445847e-02
2.015238148352790568e-02 1.159763821163060926e-01 2.954321419705644575e-03 1.125132154403265042e-02
1.074967670559368038e-03 9.625191813191070977e+00 9.599631158398309189e-03 5.173511277139557175e-04
2.579547333526381169e-03 1.179395528106939040e-01 7.715258876540470427e-03 2.481688563133537320e-03
6.087485447212227438e-03 9.627515458027509965e+00 1.255855866441872061e-02 1.074250768917509426e-03
6.723615478910573151e-03 1.725700163753654648e+00 1.758097877273406395e-03 8.847194638761390634e-04
1.665915065728712161e-02 3.385238152012946866e+00 5.708297818253469519e-02 8.380060488744192626e-03
2.013092737018169417e-02 1.647332396743883542e+00 8.063708745274641987e-02 1.426456658417733260e-02
5.264006627316590928e-03 2.460203382907814706e+00 8.017741401129732659e-02 4.531985079144019123e-03
5.242293865983030376e-03 1.165829985564471816e+00 2.930187806467821673e-03 1.698874843066847194e-03
7.204659828938367143e-03 2.564164604247300971e-01 3.559744240091181067e-02 6.849207854318057655e-03
1.050892382764118810e-02 4.436770353521549026e+00 1.367668650430370206e-03 2.994732721951111473e-04
2.898695608503545906e-03 2.969932025893206262e+00 7.004213442774111231e-03 1.300384142700479603e-03
3.100722081118938503e-02 1.160247572591849075e+00 9.623303928333659663e-03 6.543774562622346747e-03
8.827807172905080546e-02 2.042846484465238976e+00 4.136538927641147945e-02 1.647087028981399776e-02
2.599733728413532521e-02 2.233837708844376990e-01 3.035630432417086178e-03 8.924368002278285431e-03
1.018371952640773461e-03 6.137013879833372876e-01 4.811691582855776722e-02 1.005314225746964298e-03
1.129783512603717158e-03 1.953508919197378957e-01 1.755126289020485231e-02 1.115753102583705346e-03
1.160151383498194202e-02 4.815826248376295360e-01 2.793099356530477726e-03 3.866761140417752322e-03
7.914612718174748526e-03 6.979670589222958244e-01 1.635759982323621619e-03 1.808182889411365062e-03
2.843941255577981872e-02 1.710457335437511328e-01 6.604562514932054915e-03 1.637717620907604837e-02
1.716725397741969460e-03 4.155848901759347513e-01 1.219906046566673029e-03 1.083219495770370785e-03
3.637749635734420506e-02 5.778189110105258486e-01 4.054081341459039867e-02 2.395651820401058923e-02
1.094294134230478074e-03 4.713650807627183803e-01 5.353969333006971046e-03 9.981321041951942384e-04
1.824766287234723871e-03 4.805775920059653039e+00 2.576168627056305005e-02 1.361353995513253255e-03
2.070751063934297975e-02 2.623204375178211922e-01 1.094285883527615182e-02 1.383824575528793538e-02
5.930541588268129632e-03 7.688768876388154538e-01 1.768183078053440875e-03 1.657114084918642110e-03
5.050422943396518094e-02 7.788263556393921760e+00 1.113036949321194761e-03 1.425088226712142305e-04
2.664569723186467967e-02 1.042404803479876074e-01 3.947629981336458517e-03 1.564079962047515079e-02
1.484271721199171938e-02 1.582848037612292758e-01 3.139669134731478545e-02 1.380937808955326300e-02
3.149712035972950658e-02 9.382364390978631619e+00 1.572912783032715672e-02 1.591735463230358090e-03
2.654882458688696822e-02 2.038771734699134530e+00 7.738817274776800537e-03 3.321002358222132494e-03
1.609337859394681250e-03 9.478334309033046523e+00 9.001077298182764627e-03 5.972303657410450066e-04
5.449668009916238363e-03 2.046337645358458968e+00 1.132154852389816863e-02 2.745408136115111333e-03
2.647648222905165522e-02 3.335410380172367795e-01 3.563130426263565534e-03 7.611603772406811894e-03
3.885874140466266322e-03 1.024238190550511296e-01 1.050817826588844317e-02 3.744064553638534396e-03
1.904662974120615877e-03 2.262494476425384871e-01 6.174741379802135138e-02 1.891462647907365567e-03
2.081368589406528899e-02 4.686209035650610311e+00 1.462996788223033980e-02 2.714727819502893609e-03
1.177529893159045063e-03 1.133766733377676639e+00 4.179668896185523980e-02 1.141082146633489282e-03
5.939270772626263281e-03 1.006348631621825640e-01 1.771183075169312227e-02 5.745388745659720311e-03
1.693844862485267572e-03 4.197942015759095646e+00 9.879694283941095959e-03 9.849510285409781435e-04
4.272574971451029331e-03 6.068631200636180445e+00 3.398078616253306927e-02 2.423414219108581142e-03
1.730743132295546258e-02 4.749016342993886974e-01 5.490615177578545697e-02 1.505389682837668559e-02
4.687427628477592971e-03 4.995161653659386247e-01 2.392881291096508791e-03 2.369176755945395871e-03
4.524991232019441589e-02 5.867482431343975513e+00 1.367886513884343340e-02 2.217075605953985982e-03
3.723312412992964282e-02 2.297423350247903284e-01 2.941053508343871928e-02 2.884390348801893489e-02
1.145223367367015008e-02 4.814153937232890534e+00 3.224142548990390628e-03 6.327203283682557907e-04
6.914031576010462588e-02 3.416586693537834396e+00 5.942814342185764181e-02 1.389769132838735745e-02
7.287709157028936582e-03 1.986409494693296141e-01 2.533684737553673107e-03 4.637845549028450122e-03
7.003423039765775682e-02 2.683112059708772534e+00 1.329871978536390290e-02 4.628860269286913347e-03
1.397093892381109578e-02 2.750720035985882994e+00 1.996508990788652127e-02 4.776606658059074327e-03
1.101580919616968520e-03 1.603727718240508804e-01 2.512253055721182932e-02 1.093888609978782437e-03
4.354389297937302609e-03 1.317610140834255539e+00 1.814220769286668464e-02 3.308189874812745256e-03
9.175230666978914304e-03 1.482650206045723063e-01 2.292036230755716952e-03 5.757844055796177384e-03
2.788610832714090784e-03 1.700138897950389083e+00 2.191228039911760628e-02 2.292579470377886699e-03
9.671466569724251894e-02 1.058783959248754264e-01 5.109115935905274297e-02 8.056695747170920796e-02
2.255523865112574883e-02 2.160138693057336301e+00 7.924352877988100063e-02 1.396743734268717820e-02
9.620443493040291977e-03 3.705314529565939985e+00 8.471469543586312989e-02 6.771211566044373770e-03
1.662026410171118249e-03 1.333722730167324899e-01 1.001069530790650195e-03 1.360720211765065711e-03
6.141666832287653172e-02 5.477818840260922917e-01 2.335915226279923224e-03 3.987456983301679997e-03
1.969313140957620889e-03 4.794338364922253071e+00 1.172691743184514591e-03 2.175752677283771636e-04
1.923154533884519068e-02 3.155291691701620493e+00 3.472843899632748702e-03 1.041060208899540363e-03
3.684832128522657225e-03 4.230969227583606940e-01 2.599138803523821234e-02 3.476312514306921769e-03
7.911883433151817302e-02 4.178184504286351242e+00 1.258952463635966672e-03 3.001724950436500329e-04
3.571352618603758789e-03 2.713812379402105179e-01 7.182400764931969571e-03 3.146730625638017882e-03
1.804262625616977547e-02 1.454440383655603686e+00 2.998241781742894130e-02 9.621483133537224799e-03
2.756294760239254640e-03 4.587257252150571674e-01 3.363441000763301748e-03 2.003238277566591740e-03
9.429342563286742182e-03 1.257123151476534417e+00 3.311879168793116501e-02 6.943965402541611882e-03
2.453133554810265141e-02 2.301502532905403131e-01 4.505222169897611303e-03 1.088738665057350542e-02
2.490599388442686288e-02 9.297699175085272216e+00 2.168094839556781658e-02 2.132228528334273367e-03
6.345181429831885100e-02 1.648290112151448161e-01 1.590352929944250249e-03 8.374996852662221214e-03
3.441930121293809361e-03 7.750930497674534125e-01 4.350684103263805121e-03 2.133611198688365341e-03
2.304094887125766877e-02 1.229434108106607221e-01 4.977277799766852834e-02 2.180022614946347873e-02
5.779823412304749969e-02 3.586313787449567636e-01 1.852991322720366285e-03 4.742856049296688414e-03
2.436061561494927592e-03 1.144494250185509099e+00 1.569336847843938107e-02 2.068563854309333171e-03
2.523601449133823504e-02 1.628502273533917633e+00 2.559855943611670862e-02 9.685899981778487919e-03
3.518298990657457020e-02 1.822285940375772739e+00 6.271192739500018598e-02 1.739709231221164831e-02
1.574778740687166403e-02 8.419721131487197807e-01 3.521280709044043861e-02 1.144008383500647735e-02
1.803890150476624224e-02 1.630727729078727539e-01 6.158372151456822409e-03 1.220768716731487555e-02
3.961810909398580383e-03 1.136394587170800108e+00 1.056385930082899983e-03 7.529281830906619198e-04
2.476713871032754782e-02 1.857598402086147571e+00 9.490919678957314420e-03 4.235496443937066847e-03
2.111854293031545458e-03 2.002215281385884560e-01 6.141226178121406837e-02 2.097413082395336876e-03
7.738448057585613216e-02 3.393453993763190901e+00 2.247500107404390868e-03 6.566842628039492192e-04
1.109759819192275218e-02 1.859879752529416841e+00 1.138496424984614987e-02 3.945202743481784034e-03
2.358677131595471668e-02 7.016690791564295093e-01 4.373354423551342046e-02 1.711132399236424753e-02
3.401965431601091088e-03 3.588530466180222533e-01 1.054839414638853064e-02 3.049083441220775802e-03
2.226295864053989479e-03 1.407199390053569532e+00 1.034223140258627889e-02 1.708700650291536827e-03
2.648276010144805584e-02 3.228044445911076643e+00 1.255038217464864462e-03 3.831668579207530450e-04
6.405976128809538414e-03 8.947303440043464562e+00 8.501859363942693149e-02 3.826380188176911005e-03
3.762451210131421975e-02 6.192059831048005725e-01 4.736674645215949858e-03 6.357105209734987238e-03
2.735788185431465604e-03 2.466678459174278082e+00 1.009514488822145723e-03 3.560041725296848088e-04
3.224547411640005853e-03 7.586553188713879292e-01 7.877446695716611158e-02 3.127426031022355682e-03
9.981901828729976625e-03 4.099075026936947808e+00 6.321643439363631468e-03 1.335825954256476909e-03
9.362853263937915768e-03 9.910713388867090634e-01 5.979291541933416838e-03 3.668975106336308349e-03
3.029649015748579668e-03 3.095343813319597071e-01 1.240571055653377731e-03 1.725384871763699368e-03
9.188923890576758402e-02 2.558279977121675208e-01 3.789318813753023152e-02 5.670876080185380946e-02
1.411008400408981633e-03 7.246707919092770789e-01 2.175300240267330487e-02 1.347660580401795725e-03
6.250514498365359814e-03 8.027025475567347579e-01 1.045687577600107852e-02 4.223865495035486819e-03
2.084290111774726555e-03 1.301246223879769071e+00 7.701804170706735841e-02 2.013389027626782783e-03
1.781211157315859550e-02 2.066105346344909499e+00 4.099437919670531616e-03 1.785271784579138587e-03
1.707391676861414733e-03 1.297640431227715663e+00 7.039586781034944118e-02 1.655294332069032941e-03
8.882724788050561093e-02 9.219415528873119214e+00 3.355771570782060953e-02 3.496614572610689652e-03
5.959963245027131984e-02 1.554276659652410686e+00 1.021955533578603262e-02 5.921816302956677859e-03
1.676941310164032197e-03 6.379430213291288787e+00 1.060485233748508643e-02 8.348071458983336891e-04
2.446968323335119155e-02 2.848199898029937227e-01 8.931372674599005745e-02 2.269844601979977006e-02
9.329758185579688223e-02 9.311657651443441708e+00 1.640880252181284651e-02 1.729511923748985923e-03
6.508948575811436543e-02 9.487399058005790975e-01 5.440521371433199027e-02 3.048607150533145724e-02
9.166391116881403289e-03 3.590249880640605240e-01 2.124780556904037887e-02 7.937060574645471087e-03
5.449218028672204832e-03 4.004236457628264634e-01 3.655396769803755108e-02 5.142263727838402611e-03
2.916526843396834504e-02 2.330578506467411160e+00 1.681904087836222144e-03 7.042422336937470767e-04
4.941760293811307131e-02 9.981892067677183178e+00 9.185135667300362017e-02 7.757343163194255729e-03
4.488524217255778284e-03 1.267822412247603836e+00 5.968225464470727250e-03 2.297693369774367333e-03
8.612143384812347841e-03 1.049399466891578259e+00 6.083353290290404586e-02 7.498193403818311474e-03
1.345390910419441872e-02 7.909103182952515354e+00 1.600329436784652228e-03 1.993421809359339093e-04
5.604062175447855482e-02 1.047336564416415872e+00 2.004267802101165116e-03 1.850490013693101982e-03
5.464966398756709864e-02 3.970692261371321918e-01 1.973377182506989846e-02 2.602832824421255284e-02
1.378900607027468183e-03 3.495781938774631836e+00 3.384143949383292081e-03 5.687622210470057865e-04
2.211707367343894275e-03 1.696351707634190076e+00 5.135182894645411167e-02 2.061119229140496653e-03
1.468475617771769189e-03 6.381265048943388862e+00 2.726348143270863195e-02 1.092851567991382162e-03
3.792350274136189765e-03 6.260591232476863333e+00 4.112742655324561070e-02 2.404349204291064603e-03
4.599997217565571228e-03 1.136942140730310413e+00 4.649946284243796496e-02 4.134929584755981345e-03
2.562872896317773368e-03 2.950263171398085915e-01 4.156209796406541007e-02 2.517081111098289862e-03
1.498399967592523550e-02 1.340086882009206448e+00 8.811424614604518313e-02 1.220310297457582668e-02
6.334735084366631928e-03 2.925845117868733247e+00 5.514397420148327462e-03 1.452553662691951752e-03
3.916814528270985696e-02 1.676971446754011441e-01 2.497592267819776640e-03 1.079045774784726484e-02
8.428017968415293937e-02 3.712902484109292245e-01 5.958950241201343805e-03 1.348196171349583597e-02
8.713870541145198392e-03 1.132339304285910009e+00 2.028999764635991757e-02 5.862787608353494696e-03
7.814434408555145928e-02 8.313963694950521344e+00 5.026548588861599193e-02 5.611739275913285412e-03
6.024027400561629553e-02 3.049110502808093370e-01 1.512590839700031844e-02 2.720467525277584647e-02
4.310554187575397350e-03 2.305792431784054131e+00 3.007579747335959851e-03 1.001352648796109777e-03
1.109598012851930465e-02 6.659422297060086926e-01 1.081740524779511992e-02 6.592616971022730900e-03
2.859088425556050549e-03 4.734990341588277474e+00 1.078533481080494027e-03 2.109716408727698204e-04
4.211455902908804727e-02 6.100602848461651462e+00 4.991994858132866447e-02 6.851545448637847910e-03
8.498677352260161633e-03 3.963245635960880864e-01 1.066635513856107470e-02 6.459035325046203618e-03
5.553130056551002468e-03 2.147102751965073719e-01 7.754986061481571047e-02 5.469044556060077486e-03
1.217500081394587950e-02 2.674478308236137636e+00 7.940804238284468464e-02 8.634407005723373357e-03
3.324095116647879725e-03 2.064737016469212483e-01 4.349782710700433354e-03 2.871077096128972061e-03
1.113966314126166486e-02 3.032404413237911878e-01 8.498701694722620575e-03 7.971295853783462101e-03
4.646440817698040300e-03 8.961748138854304102e+00 4.656168460395752190e-02 2.452850452182405144e-03
4.315746370169001866e-03 2.766921731950403585e-01 5.342423790999665731e-03 3.527322712413464862e-03
2.267077201028869053e-03 2.504308247869894144e-01 3.424991801334540537e-02 2.230109642212645994e-03
1.775361785744767034e-03 1.347023118639566031e+00 2.541706539082086436e-02 1.622685731297331515e-03
4.484443920708859610e-02 6.315373638729345762e-01 1.264306775087573574e-02 1.384071845520117722e-02
1.720141539491767263e-02 1.206878709094285768e-01 3.830107449459544539e-02 1.631699831629824377e-02
4.517250792876544366e-03 1.895852961539507886e+00 8.776023411267909469e-03 2.286236805623952182e-03
5.425090280119949232e-02 1.985647607825786087e+00 6.999242070048736220e-02 2.136645345828554546e-02
3.302632154468234001e-03 3.138141926042337104e-01 3.948903562206649426e-02 3.218169415366877069e-03
1.836553271062217694e-03 8.090806765975889547e+00 1.057287568406255381e-02 7.635102801528939522e-04
5.060541944795208212e-03 2.357113381431930499e+00 2.039538585300038932e-03 7.389254840479601112e-04
4.113930207171595868e-03 6.717289434585922869e+00 3.959806074298274740e-03 5.156114666180988898e-04
5.600411236287480485e-03 2.014107786916514153e-01 5.700261333549445225e-02 5.491739209872227925e-03
5.792219657624588652e-02 1.419585221153499277e-01 1.871592012925948900e-02 4.024234571691388124e-02
2.153461721496170277e-03 2.078867048951522634e+00 3.100193981752443016e-03 8.811124554794177218e-04
6.895408690495681038e-03 2.360177407118241089e+00 4.486639107815694472e-02 5.059996104187745869e-03
4.646347120425531850e-03 9.113958948304647922e-01 1.065330037213672691e-02 3.324762065854609729e-03
1.702689149374669820e-03 3.420319600315383513e-01 3.025888849486684136e-03 1.427874900816517283e-03
1.733685383736657121e-02 3.878675383830953449e-01 1.267765943417437438e-02 1.132821479063301010e-02
4.745539284358035390e-03 1.530372745361332720e+00 1.527003498298392867e-02 3.216004372853807462e-03
