5.363939856793988881e-01 1.507379463483001503e-01 2.330652201839555904e-01
1.311207960114652460e+00 4.259683321530132738e-01 4.597605467629534703e-01
4.544359280124658618e+00 1.636746059975531242e-01 1.952590207220786578e+00
7.973208968383703521e+00 3.948927579959801704e-02 3.835156915039136027e+00
2.201016343972183875e-01 2.114522339524797095e-02 1.077719551316086849e-01
2.086161099149313747e-01 1.647712727743295413e-01 8.955239315699968505e-02
6.883576018446022626e-01 3.565511183674670986e-02 3.323295535247210997e-01
5.031700464558291896e-01 1.854750076978255169e-01 2.122229668228003407e-01
3.164656454144939013e-01 4.732521450714469863e-02 1.510827969340057253e-01
4.120503871528371498e+00 4.729773929571917668e-01 1.398698951942476620e+00
3.951116320697160567e-01 1.035457343525444385e-01 1.790191469959919179e-01
3.028481243123183564e+00 2.305767539997552185e-01 1.230512941707895269e+00
3.583133123971543044e-01 5.156210392311322277e-02 1.703719214777603685e-01
2.918561787560226328e+00 1.207027783164806543e-02 1.441877037340341561e+00
7.841264317224017510e+00 3.215342878406460825e-01 2.966727533810888051e+00
7.818395759347662732e+00 4.303579889132395642e-01 2.733020621392809435e+00
1.917279875153772517e+00 1.643897675321970286e-02 9.431357508928287503e-01
4.660164904778769102e-01 1.319520432567676538e-02 2.299736953394040939e-01
4.485771805632688292e+00 5.847933191506494294e-02 2.118969955472233213e+00
4.516794007263370547e-01 1.098389530909196776e-02 2.233860513615023580e-01
2.592961303119511562e+00 4.633176691371413553e-02 1.239072245110063752e+00
8.342955346356613067e-01 2.697641448303960895e-02 4.061902118052194144e-01
2.287376680991722588e-01 4.174775263684687987e-02 1.097855347036732210e-01
2.575155933851755119e+00 6.119779951279183949e-01 7.987565406087953068e-01
4.230467250606979590e+00 1.548596646375851871e-01 1.831593647326219765e+00
2.347774848143855397e+00 9.769148827181697858e-02 1.069414709519222129e+00
4.834333752953402508e-01 5.249050990058903160e-02 2.296616315053529589e-01
2.557781867941466558e-01 6.293391702285336953e-01 7.849138824738093045e-02
2.367159632777759537e+00 1.070331894558247850e-02 1.171045740330259211e+00
8.938913460472285299e-01 8.289202572014760240e-02 4.127333680626056323e-01
5.517430960126864292e+00 2.050215072776989320e-02 2.703292176401644653e+00
6.880950566644828292e+00 2.577588158294819021e-01 2.735401445827631228e+00
5.556314889852030925e-01 1.852900406597512983e-01 2.343862978364054106e-01
2.684322871204326555e-01 2.099199548850039232e-02 1.314566070579228363e-01
3.149161728064772348e+00 4.670175982127854897e-01 1.073321046694082570e+00
3.107231568417028189e+00 1.600169297626945764e-01 1.339304405260997699e+00
2.086168663228429032e-01 2.025409480245138893e-01 8.674002605297986834e-02
2.472237625758704482e-01 9.321676895926754858e-01 6.397575218432210997e-02
3.584887218107034368e+00 3.211707132897870243e-02 1.736666952660248064e+00
7.309299241919823276e-01 1.473551211966664908e-02 3.601578517071671315e-01
1.321211713088514539e-01 6.805159975911552472e-02 6.185149263324429825e-02
6.818920211752486082e-01 1.500107810643859334e-02 3.359070428020479171e-01
1.894908821305058277e-01 3.247892414801070021e-02 9.176501219473870430e-02
4.791291057551812393e+00 3.329047435673618272e-02 2.318462802308605131e+00
7.385868911143559368e-01 4.219874753896501463e-01 2.597023194286467995e-01
4.174134043717752540e+00 3.754496805433948231e-02 2.011543678702097715e+00
6.574174156659483570e-01 2.503592907904797493e-01 2.628914026984706664e-01
1.876083541018646050e+00 1.654921688849345374e-01 8.048460517815225757e-01
1.306432443680998201e+00 3.003832817595761817e-01 5.023259149845562543e-01
4.377933112773392921e+00 1.845619094214275557e-01 1.847912328580485708e+00
3.851959015524283103e+00 1.581909389915412203e-02 1.895986715872210349e+00
2.792016407645680598e+00 4.397189482176445258e-02 1.337208607575760766e+00
3.218393582565007183e+00 3.369957080133705735e-02 1.556735473958873683e+00
5.670470833387362575e+00 4.432998186487945858e-01 1.964411953815670353e+00
2.679675560368996123e+00 8.196133101170584023e-01 7.363310505232039116e-01
1.910867164677856112e+00 1.214865127711608900e-01 8.519349733222196797e-01
5.187040103938320712e+00 8.571881131307995672e-02 2.388758511821793995e+00
7.206183835714609076e-01 1.082546157077572124e-01 3.251140908225575998e-01
1.693580560404240876e+00 1.830829682708902395e-01 7.157488552470065990e-01
1.047253873482707487e-01 2.786046454884563012e-02 5.094338723993894341e-02
2.749846510046072723e+00 1.061161507092995143e-01 1.243018876581237553e+00
1.212050478184226870e-01 1.042208706790928932e-02 5.997743387129493564e-02
3.612163326560440813e-01 1.403038478616683848e-01 1.583860009476455444e-01
4.284738843453674284e-01 1.012702264371010373e-02 2.120891109436728039e-01
1.102686324306804272e-01 3.039940831033374202e-01 4.228110919347706498e-02
3.772010472662057357e-01 5.457702777049913689e-02 1.788399696433998209e-01
3.294353770937948345e-01 6.211949127701001938e-01 1.016026433647314597e-01
4.916205300308216231e+00 3.478187051853823264e-01 1.823763567531150098e+00
9.251277930264580895e-01 1.798939975852861806e-01 3.920385199516989161e-01
5.576694585549773819e+00 1.284397850079425397e-02 2.752987974418510397e+00
8.078145712486112240e-01 2.782321967889337874e-02 3.929734976706324989e-01
1.202266910608387751e-01 2.005884510445389568e-02 5.893125266147149210e-02
2.793153171917903688e+00 9.165369865538246230e-02 1.279321993484885178e+00
2.201948541393307757e+00 5.376456198581393980e-02 1.044801002438223492e+00
3.765364786854332735e-01 1.976682604242603961e-02 1.846189094749822734e-01
3.708781813798459392e+00 3.753876057651462511e-02 1.787297956819296152e+00
1.109735781264816201e-01 3.591434979817156870e-02 5.356310497489620570e-02
3.686964697867837759e-01 5.172416822025123206e-01 1.215022214692795394e-01
9.860233619703437924e+00 1.559173707492146448e-02 4.854427847208861557e+00
2.864909984655576558e+00 3.616090272606013734e-02 1.382463851472400362e+00
2.407122948924794503e+00 3.270048873823127450e-02 1.165450668017913527e+00
2.087732881573059751e-01 4.980197726950469361e-02 9.943460418140830093e-02
1.855224568370608118e+00 1.931752602718163625e-01 7.774317110580932777e-01
1.631706862814768400e+00 7.122996094371417120e-02 7.616043810879293829e-01
1.017280691718634167e-01 1.588842870452574635e-02 5.006852440557295336e-02
1.426016185434567096e-01 5.341102314604869589e-02 6.768564948066141396e-02
2.496368282962360130e-01 6.302433469301046420e-01 7.656428372068645183e-02
4.808405859459426779e+00 3.615976645834458741e-02 2.320301373935238942e+00
3.253090831824424267e+00 2.767592219553985378e-01 1.273964102190783265e+00
8.272169435680172267e-01 5.653692678905556379e-01 2.642242186991283770e-01
2.223957464889613878e+00 1.283913677149628625e-02 1.097882864192359031e+00
2.011885353033291857e+00 3.407032819883920594e-02 9.727990921747202702e-01
2.700426949673064847e+00 3.316472135993295267e-02 1.306871447429287958e+00
2.832406095316369665e+00 3.528264860492289628e-02 1.367938552400703944e+00
1.136379516102694831e+00 4.364087194371841782e-01 3.955627325027492036e-01
3.198879197344183800e-01 1.181849626880415380e-02 1.580757422966873327e-01
8.411278712364103072e-01 7.660416575255657445e-02 3.906393352325800428e-01
2.721966693257176217e-01 4.690060481291877942e-02 1.300011997673643505e-01
7.579885431635400295e+00 3.348752241478074321e-02 3.667139306106340424e+00
1.236040783701779222e-01 2.234696837183874629e-01 5.051374791507647066e-02
2.345972378385863255e+00 2.592882021882367827e-01 9.314676236580791135e-01
1.543574783628781921e-01 4.383323468346592144e-01 5.365848814516790966e-02
5.318176201527650804e+00 1.421758797940932129e-01 2.328089874602495168e+00
2.583395377772798596e-01 3.867136560232872222e-01 9.314811917195886526e-02
6.172539395975465970e-01 1.440534351198532667e-02 3.042442271944980625e-01
1.003279491267917017e-01 2.536223437414304449e-01 4.001522054375777210e-02
1.943994007025159565e+00 2.250159189691170597e-02 9.506068364249316005e-01
2.450100097500021445e-01 4.957207418556502931e-02 1.167190018561241882e-01
8.291225722610153781e+00 9.033908464826125029e-02 3.802131758527608874e+00
1.717355638233946380e-01 3.713276499436493627e-01 6.261653217247227510e-02
5.200516192977571173e-01 1.234550502980137285e-02 2.568548073330200743e-01
5.869992676127648856e+00 2.580775285241607847e-02 2.861156322812550279e+00
2.515605558851451429e-01 1.984306020507296819e-02 1.233329743081061081e-01
7.932215509088428318e-01 7.717106963218642868e-01 2.238575272350050160e-01
4.355939049408013020e-01 6.007383977671260089e-01 1.360603036537426369e-01
1.964553634377374181e+00 3.741185873228572989e-01 7.148413726812469227e-01
5.785840125950795221e-01 4.255435099511062358e-02 2.774838606940852603e-01
2.836721388640010666e+00 1.165208639962417997e-01 1.270339623787611893e+00
2.612372149312956804e+00 1.088054815702991923e-01 1.178011920365551468e+00
2.514765070094366006e+00 5.619305847517113567e-02 1.190485513001259266e+00
3.693874292187008246e-01 4.654483089295702869e-01 1.260322274650950147e-01
3.813698672990483152e-01 9.580954051800291693e-02 1.740128431071926995e-01
1.139573535854571329e+00 4.672203587751178055e-01 3.883443713955562759e-01
1.096523623479523785e-01 4.225839138212013346e-02 5.260325234827054053e-02
1.702160187244138090e+00 1.393705326606482602e-02 8.393815877234138689e-01
2.166444512545608436e+00 1.116079255379033748e-02 1.071266077808471051e+00
6.624399053612848753e+00 1.548356568944304623e-01 2.868113317278018215e+00
1.872885576946492048e+00 1.705997450390396922e-02 9.207350716264486312e-01
8.381246608185668023e+00 6.476209568597709465e-01 2.543438942461508478e+00
1.668559278099179533e-01 1.033662490753399915e-01 7.561221305697411743e-02
2.957679205725859406e-01 9.290108766809295204e-01 7.666310339356054160e-02
3.390830951544753891e+00 2.207509034558541028e-01 1.388829998792368681e+00
7.752175164902229021e+00 3.660193681406737620e-01 2.837505582169719265e+00
4.875104227460955286e+00 3.954562132615348502e-01 1.746777928655532941e+00
1.277435544839480297e-01 4.809406958054214254e-01 4.312919310198092687e-02
9.377228459988234954e-01 4.016578309456829421e-02 4.507564376944944162e-01
3.699236170600259666e-01 3.907540528632864607e-01 1.329939022282288774e-01
1.328051662802877952e-01 4.189303240353386970e-02 6.373263000613448026e-02
9.709113502128968731e-01 3.528565641752504783e-02 4.689098821153442342e-01
1.490965473752622061e-01 4.029744016183749861e-02 7.166053746708608840e-02
1.752210228450372886e+00 1.405309657229126541e-01 7.681554824509978507e-01
4.866874314477490415e+00 4.917569955308413732e-02 2.319380022121474205e+00
7.453780470646282019e+00 3.113274307298429244e-01 2.842074487261258220e+00
1.721570441856278000e-01 1.054489183871321067e-01 7.786748049688614615e-02
5.360019751348336081e-01 2.736639110481217663e-01 2.104173520523744678e-01
2.005636609247399615e+00 1.389333964766865763e-02 9.890767257354532438e-01
5.644809016772137644e-01 2.703819173987583313e-01 2.221697640474324109e-01
1.813525871840825088e-01 2.017638626061808993e-01 7.545267120563764474e-02
4.271131725668467993e+00 1.048768131607005494e-01 1.932854267006527627e+00
1.519345184802114668e+00 1.370147722024712446e-02 7.494046417730564347e-01
2.903624476543008370e+00 1.860996124566555512e-02 1.425287689604048502e+00
7.028718695588365151e-01 9.052448535345668235e-02 3.222632224213766161e-01
1.516831123908178314e-01 4.552622977131094428e-01 5.211538587551611118e-02
8.112568069717941421e-01 8.297896177940043971e-01 2.216803503207778470e-01
3.533980949193533116e-01 3.840400003546309837e-01 1.276690322638083241e-01
3.286055068835151527e+00 5.922091869234417938e-02 1.551166055562768653e+00
2.787100833816077428e-01 5.698900208436339515e-02 1.318415247613723973e-01
1.259336137457514715e+00 1.545350144972386930e-01 5.453867235052691775e-01
3.328019322599285457e-01 1.224367286522766440e-01 1.482497515292144075e-01
5.603529177051942423e-01 9.562325535817975397e-02 2.557233588118775214e-01
4.922181561381720472e-01 9.153207497403106352e-01 1.284949678023666886e-01
9.865800549972233213e+00 2.934569181842168195e-01 3.813733728303088988e+00
1.243739658222395850e+00 6.885624639312709627e-01 3.682835799058185033e-01
4.544457960488190174e-01 3.791206296436755996e-01 1.647592626347103850e-01
8.811866877127904729e+00 2.516752070623376469e-01 3.520029328458626594e+00
2.990453138051040738e-01 2.136836393272950330e-01 1.231973902074082056e-01
2.574178543465065472e-01 1.198965810145210531e-01 1.149292973612394408e-01
3.784372706257850272e+00 1.713218162462065708e-02 1.860315097007961160e+00
1.111686551627339287e-01 2.339986143092663007e-01 4.504407617384596774e-02
5.782556825494207242e-01 2.041090029023313046e-01 2.401176642461848032e-01
4.497778296476543369e-01 4.097285639837535687e-01 1.595263943495003889e-01
2.488850109103494523e-01 1.043808548039314998e-01 1.126807884380319758e-01
5.541081022164989767e-01 1.672120007157297528e-01 2.373639501121998507e-01
9.644209536805197214e-01 4.224561776934755986e-01 3.389984762990506106e-01
1.280749286413059573e-01 2.724879226761572903e-01 5.032461462264915114e-02
2.964164112351619917e-01 1.394521541229317707e-01 1.300697050607280691e-01
1.072195080296368008e+00 2.730292089352022722e-01 4.211195912752003778e-01
1.086285976251329277e+00 2.385762424672115134e-01 4.385220461226819744e-01
4.879346376667105800e-01 2.812214652971788409e-01 1.904177579297480216e-01
3.580258971712285132e-01 2.689441340485917986e-02 1.743245909694489115e-01
1.529256570101248658e-01 3.417848782006494002e-01 5.698590716538709522e-02
1.224790961034349368e-01 1.925727080427647731e-01 5.135078778737359878e-02
1.015485134555598329e-01 6.694937465563595425e-02 4.758825295170878572e-02
4.375778260524931795e+00 6.431935449970557772e-02 2.055669777132734577e+00
1.919677498878628874e-01 6.998872658387610413e-01 5.646484733007922641e-02
1.457295646306476233e-01 6.704063446850068442e-02 6.828679242531209004e-02
2.090727210290898697e+00 1.455686894568665631e-02 1.030364720936517431e+00
1.720251076149384994e+00 3.581217674686164310e-02 8.303875522839074819e-01
1.422982477527745815e-01 2.342642988198533893e-01 5.764496627214835828e-02
2.507136183455013767e-01 7.607126616452993817e-01 7.119663071861534465e-02
7.405795141038560292e-01 3.925615615095979227e-01 2.659054847460514681e-01
2.357635457800023815e+00 3.298774345783790640e-02 1.141173006519923261e+00
1.713572093701503762e+00 6.569501351743126105e-02 8.039692744951909553e-01
1.077189571619961983e+00 1.501862537032122580e-02 5.306255199144538359e-01
3.348697365953706151e-01 3.394277868251137087e-01 1.250047743854569848e-01
4.872455518165527688e-01 1.474282328194699565e-02 2.400832706757519142e-01
4.416263992424326545e+00 4.702876346243795025e-02 2.108950654717500317e+00
2.052907996125984180e+00 1.011892505209487925e-01 9.321322357418571070e-01
1.521312974956204878e-01 4.188349542848162493e-02 7.300782580928372179e-02
2.373533704424669877e-01 1.744839393985958831e-01 1.010458136038904498e-01
6.024722001521357839e+00 5.294858301697324965e-01 1.969525275318429358e+00
1.445038185712806955e+00 2.753232804806259315e-01 5.665379938678062333e-01
5.523517580070067545e+00 2.407163536825854822e-01 2.225938895572564746e+00
5.326218976100338232e+00 3.161522930230019068e-01 2.023405271690414509e+00
1.816019188438046383e-01 1.866622399829872408e-02 8.913710623044469872e-02
1.252827674904063160e-01 1.302224983676196490e-02 6.183613810584828036e-02
2.533575447188526564e+00 1.556528860606458120e-01 1.096166278710600128e+00
2.964809881123332769e+00 1.069250929735833106e-01 1.339209807394838858e+00
5.412230855137303287e-01 4.804366684912381863e-02 2.582063623078239001e-01
9.249126452908686957e-01 4.140599481388761993e-01 3.270415255407658761e-01
7.543780029290776401e-01 2.143026937521663455e-01 3.106218930463159889e-01
4.050058719002789687e+00 1.908560457805488220e-01 1.700482074786869413e+00
2.918294659163325200e+00 4.499904812626250028e-02 1.396314505929923566e+00
1.331010551576332412e+00 1.977137748393931888e-02 6.526024268597864220e-01
8.681730341347620339e+00 9.486877962236703321e-02 3.964735547734793197e+00
2.208654000624638680e+00 4.229743321785461307e-01 7.760695153380707811e-01
2.142729998240595624e+00 2.048528230128237454e-02 1.049858354354976209e+00
1.132159305707141073e+00 5.703150610368853957e-02 5.355371619339807099e-01
1.172198869597324444e+00 1.218218893261024532e-01 5.224531990107111890e-01
2.213627582382124537e+00 3.940752738162829616e-02 1.064850659663045818e+00
2.934930341420158406e+00 8.142997081927878522e-01 8.088328317992244942e-01
1.425665995369295391e+00 1.200814820553055967e-01 6.364117335255173868e-01
1.515711496294656957e+00 5.093974853257277752e-02 7.211219760271913026e-01
4.574965253128652765e-01 2.512693650124309119e-02 2.231414027975405501e-01
2.252132642560091269e-01 5.178208461218942321e-02 1.070627022226991187e-01
1.575230647198699208e+00 6.687523588688688847e-02 7.382450141366434515e-01
6.983410430209742170e-01 3.419075471640409813e-01 2.602046036989781319e-01
8.696711775882016937e+00 4.282479486083808767e-02 4.169785671927070503e+00
3.801179390479092479e-01 2.360732536951986871e-01 1.537602799476324444e-01
4.057424030591902486e+00 1.181632691426065529e-02 2.005020042998239216e+00
6.192010866245898804e+00 4.487693950274324745e-02 2.963033555507826211e+00
4.282735969097984707e+00 4.220116139636217317e-02 2.054658988942157816e+00
1.093803263385932256e+00 1.267555269151556807e-01 4.853773676977469753e-01
5.538064415733640722e+00 1.278622066754308284e-01 2.455115697181681433e+00
1.714431909651773223e-01 9.863635512331005994e-01 4.315503847690628503e-02
5.435071281877482674e-01 5.261729256585145897e-01 1.780621052339908528e-01
1.982867124351788413e-01 6.324703976258381211e-01 6.073210047899015723e-02
1.217826597627452268e+00 3.060158455760967344e-01 4.662372978676444513e-01
4.441909050821817306e-01 2.896901601333419854e-02 2.158427018547007248e-01
1.271592824254571319e+00 6.743322093325399003e-02 5.956310892885744446e-01
4.113209312739569690e-01 1.581144356653177430e-01 1.775821622660544163e-01
2.710891765561992184e+00 7.000040612690066055e-01 7.973192027371939217e-01
5.641219042611002044e-01 1.491409236428023477e-02 2.779160859550965368e-01
5.719317630693521615e+00 6.453088954465924232e-02 2.686308911684044176e+00
1.974575131232015890e+00 1.096125089085223450e-02 9.765829943986643613e-01
1.354549173501801429e-01 6.110970687680703506e-01 4.203809937217380110e-02
7.370256403525491384e-01 4.892955680831899690e-01 2.474410238463087552e-01
5.396011896110955997e-01 2.444363599332057269e-01 2.168054578701229529e-01
1.989795880185618038e-01 6.475120023472247244e-02 9.343947580181038992e-02
8.020870588666451084e+00 1.517879978941895011e-02 3.950471872703724241e+00
4.611525972101331861e-01 1.123450802074060784e-02 2.280146660109204360e-01
5.911383456867906006e+00 1.340822019732867965e-01 2.606241173074660633e+00
7.566346736718090327e-01 1.035925939343878138e-01 3.428052516075481559e-01
7.153160925365151801e-01 5.224748135958667827e-01 2.349188591327305287e-01
1.218860548826769252e-01 1.270055939642426510e-02 6.017872398299146247e-02
1.663543365614656766e+00 1.785623772954268718e-02 8.171799238197926529e-01
2.419257982354883485e-01 4.971523731294560239e-02 1.152340128236913341e-01
2.008867919440194161e+00 3.903524986937190189e-01 7.224311537281338236e-01
7.209118920729521207e+00 1.190265684378407768e-01 3.221156281746481831e+00
2.075084134801264690e-01 2.267010057751935870e-01 8.457986604037832923e-02
6.113434551375567239e-01 1.984949570708097882e-02 2.997223892892650343e-01
8.096319436084918886e-01 1.615933008205206467e-01 3.485006081890227869e-01
7.768464858040206034e-01 1.133151228416900101e-02 3.840711361052390194e-01
5.242255171760068500e-01 9.072913281148523579e-01 1.374267028451668371e-01
3.795638738496085463e-01 3.321441009066733452e-02 1.836810782654012819e-01
2.970903713337225693e-01 1.347590726606962518e-02 1.465700216471583495e-01
5.297208388080741237e+00 4.424041639159034117e-02 2.536393106860119318e+00
7.749126820231840851e-01 3.868101673135257434e-02 3.730272670534469648e-01
1.086642376949405603e-01 5.135721421395034181e-01 3.589661657664321853e-02
8.666139956734918215e+00 5.831874718542260361e-01 2.736927909928807079e+00
2.435217190209352234e-01 1.288635367391590021e-02 1.202117681503158675e-01
3.524194643124160642e+00 5.699683707963745793e-02 1.667079086471588312e+00
4.863949179815151957e+00 1.819225820518997894e-02 2.388521981295084196e+00
2.225195972643273734e+00 1.367078766119444733e-01 9.787897218041901048e-01
2.657435801695703370e-01 5.947596620423086650e-02 1.254127458509729232e-01
4.519977803231594038e+00 1.349955410339735706e-02 2.229886429121440639e+00
1.156215648876541685e-01 2.905756049901977445e-01 4.479457245301500523e-02
4.815553499777083246e-01 4.656546470684415073e-01 1.642799519453306822e-01
2.200324895356622346e+00 2.638567917391607814e-02 1.071880161620896832e+00
6.270892490881187165e+00 5.856096075414810725e-02 2.961989305941166162e+00
6.217845984754825084e-01 4.025046257426367902e-02 2.988629281340469679e-01
9.465432414913140802e-01 7.649582071866743715e-02 4.396409271981208677e-01
4.050238326663327393e-01 3.271547000376706649e-01 1.525910403115915415e-01
4.186096009602544576e-01 9.628068368033701474e-02 1.909226383315152376e-01
6.129366814723913315e-01 6.187495051595237605e-01 1.893241293723169072e-01
3.126955508358080227e-01 1.093976565316452099e-01 1.409303278201437526e-01
9.327974252473461902e+00 5.175075412368884686e-02 4.434498485454124506e+00
6.077174022612321647e-01 6.005996728904235138e-02 2.866429357838056746e-01
4.571641762832155953e-01 3.862433550504531521e-01 1.648931894308618140e-01
5.864376275264195471e+00 5.873376614980485577e-02 2.769523586930927816e+00
6.355448306287034832e-01 1.964837442044750637e-02 3.116490187070309892e-01
2.315222518299961674e-01 1.174733690548893268e-02 1.144170305098729939e-01
5.807966691398044334e-01 5.906475745600987121e-02 2.742026231403176806e-01
5.928252882212262875e+00 1.815563985396803637e-01 2.508662679809089635e+00
5.449904483555932266e+00 1.339125877298376170e-02 2.688943898210987005e+00
6.606545120946671901e-01 4.933084362498754150e-01 2.212049754951360414e-01
2.528767373502078364e+00 5.093345971819703694e-02 1.203105367955529692e+00
9.117483747142141937e+00 2.312838259163794291e-02 4.455688993812818133e+00
1.488047429332771898e+00 3.195849986496591133e-01 5.638315951058483488e-01
4.958218497923179147e-01 5.032760284601511813e-01 1.649137751169366117e-01
2.808713976430299741e+00 2.886862544288136198e-02 1.364952680533569440e+00
1.123882769071705701e-01 4.949549865217550138e-01 3.758918426321963824e-02
3.975017773287939704e+00 4.733212217312301323e-02 1.897687318632089504e+00
1.849549258217723924e-01 7.572637672624164817e-02 8.596745874385164354e-02
1.595449026968234207e+00 1.251547888402821176e-02 7.878640180033109619e-01
4.606793868583936913e+00 4.396155169498759674e-02 2.206400159615215184e+00
1.216540727098554209e+00 6.140497518810116018e-02 5.730803772061460188e-01
4.080698775940636014e-01 1.069887884709919690e-01 1.843152712312934316e-01
8.253929509342602389e-01 1.661168355511196543e-02 4.059529141195014068e-01
2.943008185508140251e+00 1.660480305355124253e-01 1.261958387836113360e+00
3.173390974670206588e-01 5.825400493839233418e-01 1.002625802710520736e-01
4.426399740018974738e-01 7.403127122009508509e-01 1.271725394231294215e-01
1.016673637755049209e-01 1.300360539828326716e-02 5.018114606587817383e-02
6.248815139114830552e-01 1.769327064145919393e-01 2.654703665323067674e-01
6.233130586155936070e-01 9.939454319084670142e-02 2.834801493586234233e-01
6.470586778532211092e+00 2.185398238895173151e-01 2.655057574515056196e+00
7.279179947032128339e+00 4.314779369967688960e-01 2.542540041624322456e+00
2.617480579743187152e-01 5.835610870796285182e-02 1.236578387088726333e-01
6.787935248072364480e+00 2.371330845140843246e-01 2.743413515102338440e+00
1.327578091277484829e-01 5.220244913217249039e-01 4.361224470588567770e-02
1.982266000978913034e+00 1.202132520338670962e-02 9.793597978681602978e-01
1.648539566989248306e-01 2.719603798129256039e-02 8.024464201736299096e-02
3.212204897055280561e+00 2.459951631028209629e-01 1.289011784386118631e+00
5.432490563196387789e+00 2.772181977878380721e-01 2.126688522213959320e+00
1.961270606105335601e-01 3.384364476023355578e-02 9.485334731443789691e-02
3.752327814463678468e+00 6.200672739233928921e-01 1.158077777034681288e+00
3.265946295839976976e+00 1.871508761347644503e-02 1.602973361026312160e+00
4.623576637469848372e+00 4.508446030640608088e-02 2.212058839777539365e+00
2.735385792032036356e+00 1.450649090791744922e-01 1.194423901362826834e+00
3.866709343158568624e-01 5.311756784987259339e-01 1.262660254292233553e-01
4.745459099392780544e+00 3.771716208990815583e-02 2.286489648988590417e+00
2.090243470813160087e-01 3.722394074829505906e-01 7.616176373506204633e-02
4.846899116010945918e-01 7.127260878376966147e-02 2.262215553851272543e-01
1.531690034086718777e+00 2.927951346164768542e-02 7.440593221055067374e-01
9.368665333894144354e+00 7.041393884716978802e-02 4.376188030578220811e+00
7.391194072239034574e-01 8.097300591153936411e-01 2.042070869909707043e-01
1.302377248177391644e+00 2.059659004949559308e-02 6.380470309597207068e-01
1.011958595497167296e-01 1.879775450113727736e-02 4.966435148812637507e-02
3.480336941742526502e+00 2.678923399110931802e-01 1.372489142882026281e+00
3.205679581344860751e-01 9.443564366263066390e-01 8.243549178943501698e-02
6.801690611082506166e+00 8.697920841968175276e-01 1.818836080377412845e+00
1.263650390907575249e-01 3.445584113259678172e-02 6.107802482530524241e-02
4.721732149340456819e-01 8.201851962828431153e-02 2.181909118784101931e-01
7.304483601676480253e-01 3.000353077451049441e-02 3.545853671095611781e-01
3.139660896789125744e+00 1.730218612875204787e-01 1.338278935970981243e+00
4.349095906667054812e-01 7.932503743595540335e-01 1.212629303986706847e-01
1.011972285605915012e+00 3.684551523993591648e-01 3.697498905359044574e-01
1.888458249757579033e+00 1.909583592552503428e-01 7.928313509376182511e-01
2.394425782264628655e+00 9.654624391118370175e-02 1.091803376082043586e+00
3.496383881813279748e-01 2.923018192530970130e-02 1.698543213760422277e-01
5.939848469745853121e-01 6.514564195650195122e-02 2.788279947724004448e-01
8.380045199736212425e+00 1.025966952406676125e-02 4.147470918879721857e+00
8.231175260573231345e-01 4.525184811637756876e-01 2.833414984840094131e-01
3.792571653572264889e+00 3.181325612526698099e-01 1.438615418910540011e+00
3.684904133860879560e-01 8.477036859302276017e-01 9.971577590932044488e-02
6.185914789406229408e-01 9.052669785875017139e-01 1.623372172752463871e-01
1.205900528795571525e+00 1.153178092801178389e-02 5.960764414585371096e-01
3.964912421948155186e-01 2.678674573612014331e-01 1.563614713402410317e-01
4.321289846011113767e-01 3.763475008654539045e-02 2.082278877828007413e-01
2.234956696408628152e-01 2.557526406738064861e-01 8.898873169836236940e-02
1.860352134940692626e+00 1.148681796579103555e-02 9.196126444247989529e-01
1.519824663143372945e+00 2.321600429085798056e-01 6.167318409204965990e-01
9.961947403195081652e-01 1.360333509157442833e-01 4.384531226642625623e-01
4.303006119686444420e-01 3.668982200088823920e-01 1.574003849261901289e-01
3.376786840293767966e+00 1.768141454635048168e-02 1.659058911771043254e+00
5.187881007733244898e-01 7.893511403730369969e-01 1.449654260329164557e-01
2.083228735082847116e-01 5.013615977786471944e-01 6.937798123267260864e-02
6.956027351346384391e-01 3.184361549583539924e-02 3.370679067488235314e-01
5.645018871190374821e-01 2.294104395528430429e-02 2.759210271475397991e-01
1.218426277185879592e+00 6.601757345105059294e-01 3.669570190245932673e-01
2.698025635221053875e+00 5.293380853007629838e-01 8.820893369337801104e-01
1.107570575970835414e+00 1.371253694854534244e-01 4.870046019956482120e-01
2.468075576243675129e-01 7.712672503714794736e-01 6.966976823305623401e-02
1.050581993273295378e+00 7.113005119974112889e-01 3.069542683789265314e-01
1.792416527827683792e-01 2.138341327088049415e-01 7.383284418883939715e-02
6.522216051131042747e+00 1.781778490177337027e-01 2.767925087272995910e+00
1.559625742013505789e+00 2.035939531370747624e-01 6.479036131531159537e-01
2.000874125464406905e-01 3.283848653110927468e-02 9.686287602355628246e-02
9.085394816887021330e-01 6.072535250912010352e-02 4.282633009287343251e-01
1.271864448175330509e+00 7.944911053581243943e-01 3.543802597788597297e-01
7.659594895161248473e+00 2.091915046366706402e-02 3.751322958180635325e+00
1.648528636094759303e-01 3.912118385874032572e-02 7.932321377440336441e-02
4.137030653554307214e-01 2.429599984739582580e-02 2.019450751623876605e-01
6.712246009050287787e-01 4.547055419205227322e-02 3.210155456859118961e-01
8.282101805251112836e+00 4.769121177032088488e-01 2.803857354129798196e+00
6.621568504765551477e-01 1.784911708467472324e-02 3.252725965775291050e-01
3.192381471972983942e+00 2.138436169853112079e-01 1.314988779156555543e+00
2.863973850545259991e-01 6.244981401123925746e-01 8.814949613753060575e-02
6.188015009951248757e+00 3.648336347904583832e-01 2.266948458850550185e+00
4.422295772797435021e+00 1.903385734137496010e-01 1.857578957604816727e+00
1.185440485902261365e+00 5.070455491628035605e-02 5.641169443663051064e-01
2.165134009973127771e+00 1.475099409280123015e-02 1.066830199022757331e+00
1.519876131140209807e-01 1.664076376552892436e-02 7.474991094743980991e-02
1.550031536967428625e-01 3.521380629831499243e-01 5.731779835957272889e-02
1.477032985319113589e-01 3.060910224929132284e-02 7.165825442912873711e-02
5.127927303235146894e-01 2.306919376865999849e-02 2.506148818901242081e-01
3.029202879505980661e+00 3.388646434807583013e-02 1.464959153622378274e+00
9.874533641539700923e+00 4.728874114122937761e-02 4.714331995386216612e+00
2.226493957588282502e+00 4.736047315262791324e-01 7.554583362670809210e-01
1.453964585774732088e+00 9.875010148980059577e-02 6.616448015810393324e-01
2.836940947995194584e+00 9.149425217611110994e-02 1.299567515971425502e+00
1.456924833222498217e-01 5.239637735779053423e-02 6.921939606445345894e-02
2.889585160874099667e-01 1.304057976225084410e-02 1.426194181457297872e-01
1.356067640849380584e+00 1.364355090079321930e-01 5.966320262348980830e-01
1.514050837945006833e-01 5.866920882184826352e-02 7.150726711084451348e-02
7.148979412923027965e+00 4.278804162570783998e-01 2.503353688281102940e+00
4.572392201813990087e-01 6.800382449230183424e-01 1.360800034056219576e-01
1.754843199417798871e+00 3.298718606251950514e-02 8.494022109348752236e-01
1.285616049294431962e+00 5.354129277059818670e-02 6.101403229832238484e-01
4.518385424771957370e-01 6.331049483608780504e-02 2.124678279164581296e-01
4.736023132723560236e-01 4.023254152940938105e-02 2.276425195158953696e-01
6.928807965236526423e-01 1.250530123118908654e-01 3.079325102644896450e-01
1.242447515810121833e-01 2.506667324820758824e-01 4.967140660023625087e-02
6.116307573014021060e+00 1.649650188386123095e-01 2.625103532770257431e+00
5.023258091385697233e-01 5.599229241145912972e-02 2.378453956285328796e-01
6.955274302419616195e-01 1.275891137133971544e-02 3.433825278812769888e-01
1.718071318774472278e+00 1.088047008683649258e-01 7.747402754646320888e-01
3.413442719359403021e+00 1.841323275294311224e-02 1.675863298698648141e+00
1.355718526500858667e-01 6.487799657149074806e-01 4.111277898482415538e-02
1.469324401685670578e+00 3.403423511840703020e-01 5.481153379909454726e-01
1.964927864282418335e-01 6.577411466318168198e-01 5.926521967180282263e-02
2.194521244337009069e-01 1.192595612507726388e-01 9.803450961297269228e-02
1.268778555210328340e+00 1.383680053562068857e-01 5.572796095992327281e-01
7.461336084519581968e-01 1.283334113111602170e-01 3.306352541599058559e-01
1.069278381046263326e-01 1.268358380613442415e-01 4.744605846428770479e-02
4.583021014035410623e+00 2.003304740432299835e-01 1.909066341787450494e+00
1.461464651366656264e+00 1.573958007714446328e-01 6.313590607433252622e-01
1.062721031424916918e+00 4.692797664636893379e-02 5.075425698476117020e-01
3.370860730425808138e-01 1.502318060921395415e-01 1.465296261402366795e-01
9.792388086528074354e-01 1.984728565682118140e-01 4.085360812662983121e-01
4.814939949120645712e-01 5.762441299884242252e-01 1.527345877937069940e-01
5.683474036977027133e+00 3.192817949569682484e-02 2.753812789449426646e+00
1.598864352905127850e+00 1.268937053446819556e-02 7.894149970495362156e-01
1.065902740681744509e+00 9.234554810097304889e-02 4.878963174861659646e-01
8.399063727070711360e-01 3.929568522241334017e-01 3.014832696956812330e-01
1.102384524816855782e+00 4.166138844849328476e-02 5.291472531485528208e-01
9.993404894653474813e+00 3.194284043789489269e-01 3.787020523996276200e+00
5.372349468545479567e+00 1.932133888050302506e-02 2.635258021011218421e+00
2.987892615158341258e-01 1.529983269609218877e-01 1.295705529353994023e-01
7.804549390246906526e-01 1.693984937722205208e-01 3.336993091666792810e-01
3.969596659672759653e+00 1.069809618491940686e-02 1.963789520657449605e+00
2.718419688297747938e-01 3.765749385374436708e-01 9.873852894583280693e-02
1.600770468381163825e-01 5.737933897799807337e-01 5.085707179787286175e-02
2.693386798694272777e-01 3.483164043209006216e-02 1.301364730967087269e-01
3.738737069207962005e+00 2.211368835948225864e-01 1.530842741479458757e+00
2.390458873134457374e+00 5.430864489927410554e-01 7.745706258696147817e-01
6.453182235686114154e+00 3.069010588265189687e-01 2.468887063830409012e+00
6.686480694652277013e-01 1.319948974204504175e-02 3.299686173526704680e-01
2.441166514075535865e+00 2.604958040941537378e-01 9.683358350525660407e-01
1.027896484720348669e+00 5.797279294902762947e-01 3.253397200655986921e-01
7.643029048097027989e+00 2.787383470192400514e-02 3.717882871448639825e+00
7.806324232630648119e-01 4.557153730043678741e-01 2.681267360843906378e-01
5.017599719488748278e+00 6.493872241295095549e-01 1.521049649859167241e+00
1.451058119107243582e-01 5.826662460176292718e-02 6.855824824170810017e-02
7.441596437151793531e+00 1.425340525701387917e-02 3.668509466461233437e+00
1.904079165714170907e+00 3.610657408715909900e-01 6.994809686763727719e-01
2.036065447799841333e-01 1.259639958435989845e-02 1.005368698049679266e-01
2.586266458888962116e+00 1.955499568602390159e-01 1.081622078629416617e+00
8.575234335327541757e-01 3.808961419916760405e-01 3.104952673326837331e-01
5.520458980648824010e+00 4.834973822036663788e-02 2.632928105662580620e+00
1.122125521176168678e-01 3.355852410222091853e-02 5.428456613769789413e-02
3.255973516722069139e+00 6.969834582975699411e-02 1.521912008846024067e+00
2.167058263310404909e-01 8.401174372577047134e-01 5.888369457929637507e-02
1.135722567195619037e+00 3.452494914455191827e-02 5.489101872964723405e-01
1.283650820764945077e+00 8.121643604317227982e-01 3.541761577462910759e-01
1.606113739003530438e-01 2.390479642010287162e-02 7.843081430124242137e-02
4.230548794494814580e+00 1.967329843797992542e-02 2.074462870105317158e+00
9.358486186894960923e+00 2.154418214607546345e-01 3.849828935311625511e+00
2.935968838792272217e-01 3.232153662555932450e-02 1.422022468110726856e-01
1.283299182910915548e-01 5.036153550235364929e-01 4.267378550715943131e-02
9.050347315025666362e+00 8.293171030192765247e-01 2.473695593860715469e+00
1.958937968252058903e+00 9.930609031077746174e-01 4.914395654436580774e-01
3.029490626350773708e-01 3.159090815887587167e-02 1.468358533596246240e-01
2.830092977170734492e-01 8.108932197948817699e-02 1.308908024356765787e-01
6.345715383584509262e+00 6.157444545177864076e-02 2.988822597780194990e+00
2.033967101335944216e-01 1.037098323564050323e-01 9.214229327800102509e-02
3.651968943740651952e+00 5.386107859495669059e-01 1.186774776665434405e+00
5.075094872071390650e-01 4.076072925228874655e-01 1.802738199436001443e-01
6.802463780791709880e+00 3.650407255345654578e-01 2.491670634269094187e+00
1.353258677008567945e+00 1.557119465517136092e-01 5.854653839333722187e-01
1.060631956405219262e-01 1.086814935724384618e-02 5.246143906500652654e-02
8.310089915788498871e+00 3.469979067114909582e-02 4.015700974675094237e+00
9.295905331920371051e-01 1.170255403421927992e-01 4.161008408577944184e-01
1.213616695121328970e-01 9.233468814121233992e-01 3.154960519212973019e-02
1.063323115602133745e-01 7.398818825488430451e-02 4.950348277712066092e-02
1.672672301390854210e+00 3.134814175270443648e-02 8.109154579695387888e-01
5.369722948119469486e+00 5.393732408669755785e-01 1.744126377399947359e+00
1.657265577812672974e-01 3.355304646790392420e-01 6.204521804790708028e-02
5.575086704290066031e+00 2.513888156125891893e-01 2.227559745913546330e+00
1.574695344055076218e-01 1.609621348149875286e-01 6.781854880676284336e-02
3.316078030985580294e-01 2.777226182653719233e-02 1.613235808238446534e-01
8.425312408278445631e+00 5.632123173998770937e-01 2.694871424213327593e+00
2.432097200332681286e+00 2.906585522454967555e-02 1.181701437271951649e+00
2.345525496927784115e+00 4.230756926400427997e-02 1.125159965298923259e+00
6.937035536241898948e-01 2.780775132755705301e-02 3.374675627461337091e-01
1.123846187249412237e-01 1.285274595858690860e-01 4.979259377799390845e-02
4.655789697046559539e+00 4.741747141800513321e-02 2.222509087395449612e+00
2.308638356451029883e-01 4.797075199715546967e-01 7.800995552470431360e-02
1.725305105738211608e+00 1.434363681544368885e-01 7.544386175694848262e-01
4.632443325336305762e+00 2.280328988535140489e-01 1.886123462026601194e+00
3.584104989758632787e+00 1.236379752810631422e-01 1.594866437680746873e+00
1.361929239270890102e-01 1.133451781367723760e-01 6.116383606879822327e-02
5.410424243763076735e-01 3.949536507514341682e-02 2.602428267379511273e-01
3.964460167708090399e+00 2.186452366903776298e-02 1.939816911087962614e+00
1.466829883278643332e-01 3.554057636035509726e-02 7.082435574056177019e-02
1.437427404905935180e-01 1.649731409782364058e-02 7.070492882618688302e-02
8.686735245401495664e-01 1.170693104424951336e-01 3.888180958959696620e-01
2.301456055906663245e+00 1.372448476043433736e-02 1.135148696961062686e+00
2.796329140893123455e+00 1.301932575496138854e-02 1.380195357482018048e+00
2.607247886793230052e+00 3.986900863900009750e-01 9.320320177297100050e-01
1.187665434630038153e+00 2.363339171003342176e-01 4.803174199958689661e-01
2.030821635897691324e-01 9.193777328908526725e-01 5.290312586983564325e-02
3.499938754614724812e-01 7.738203942681440850e-01 9.865538714980090496e-02
1.678890926518872506e+00 1.711636197689709038e-01 7.167619016589920067e-01
2.646020204759243488e-01 4.648101376471566737e-02 1.264246637041309129e-01
1.248049200919367635e-01 2.572133570132553171e-01 4.963553695787726455e-02
1.465747225461135061e-01 4.331257612216121017e-02 7.024487478666753548e-02
1.982087321537618019e+00 1.109562936432555019e-01 8.920635910156226034e-01
5.180945987850616774e+00 1.316742822866533852e-02 2.556806428779760942e+00
2.705960573954404591e+00 2.753287089554979847e-02 1.316727012147073994e+00
5.593761146099780923e+00 7.288842091151422897e-01 1.617737358178173102e+00
5.225891834345453013e+00 2.106928164132961245e-01 2.158223689567792647e+00
1.857012077600536326e+00 1.559285268612205233e-01 8.032555795828573153e-01
3.140518990583045511e-01 1.604073109067206404e-01 1.353196830571975207e-01
1.625761254440022618e+00 9.079106196381897531e-02 7.452212028181930403e-01
3.698039426049348766e-01 2.454944331482776521e-01 1.484566822471334591e-01
3.054066994177774053e+00 1.462429100961985529e-01 1.332207583260628825e+00
1.140299561733127687e-01 1.510708609949794855e-02 5.616646644220936457e-02
5.081360838390782675e-01 4.701052134921964581e-02 2.426604477595286358e-01
1.156717278461663334e-01 2.663700062550559688e-01 4.567058887798279565e-02
2.358736820989753458e+00 1.298997313986568689e-02 1.164244900509038727e+00
8.497074807167559030e+00 2.026434874522664922e-02 4.164153543940693147e+00
1.285794043422884503e+00 4.126466838211334531e-02 6.174194143265773205e-01
3.077179343564942493e-01 8.558831622158764862e-02 1.417286506120077061e-01
4.271480856911884949e+00 1.399621884534668625e-02 2.106260742163263089e+00
3.612878487945739847e-01 3.322231048547913401e-01 1.355958500787123600e-01
8.836891011715686250e-01 1.165959127553898439e-02 4.367521984630124421e-01
6.529622585512434574e-01 3.744038517518232245e-01 2.375438113473612167e-01
4.494099636411442944e+00 3.216013777713491728e-01 1.700247787267731292e+00
1.433161438272085864e-01 2.579726110493162916e-01 5.696314155348099206e-02
3.273584033852448005e+00 5.637025911819003587e-01 1.046741257676806702e+00
1.227638727296678445e+00 1.235190257632464289e-01 5.463364211668333414e-01
2.336797326474309155e-01 7.155891967260183395e-02 1.090372766057643023e-01
1.644838263914923659e-01 3.731594419815930513e-02 7.928337904737291220e-02
1.647903197744541970e+00 1.205633009658659688e-02 8.141361052439011203e-01
2.613483092676456843e-01 2.862392438410640838e-01 1.015939727072810161e-01
5.383624557665688037e+00 1.054834699438778924e-02 2.663714494055565485e+00
6.412284737764966103e+00 3.296452851151243091e-01 2.411276454535681957e+00
1.151581964095257815e+00 4.490332325773593314e-01 3.973621647196343698e-01
2.133279925488399620e+00 4.335180509007342115e-02 1.022320522704339263e+00
1.498804724247486952e-01 3.448734277371071771e-02 7.244190732333317950e-02
4.005373597745992775e+00 4.624605366256461653e-02 1.914164255972336637e+00
5.870771940664621269e+00 1.782671796960893715e-02 2.883974176063982320e+00
3.612909211821040412e+00 1.830151789585087729e-01 1.526991908506929452e+00
1.222394151550937780e+00 1.454981079306311501e-02 6.024318069683561871e-01
1.777430350639071177e+00 1.229060029334774068e-02 8.779249506633749478e-01
3.010607104836215520e+00 1.376386846582901835e-01 1.323182459174419012e+00
2.465945584592575679e-01 1.382724892742394351e-01 1.083196513940549582e-01
7.681442243175256479e+00 1.010166258558850040e-02 3.802311454231661614e+00
4.175504783514746521e+00 5.482038518056086412e-02 1.979249188855976005e+00
1.174984915788028772e-01 8.376362522979284853e-01 3.197000805569472082e-02
2.841273630816957940e+00 2.296468355231010006e-02 1.388744732100845480e+00
9.318833235799729664e+00 1.802426111466504388e-01 3.947846463002267825e+00
5.732133938858929856e-01 1.324836307861696205e-01 2.530780040891048022e-01
1.795387066057507752e-01 3.751724224163455884e-02 8.652323995013509739e-02
2.003241705455680588e+00 2.718631811207357085e-01 7.875224848047222004e-01
5.092492266320706840e+00 1.877955142833547669e-02 2.499310208563275459e+00
2.544372607046772594e-01 2.196047584059584445e-01 1.043113594592852134e-01
1.300307546068775744e-01 7.398505730582621842e-01 3.736836847382618565e-02
1.079420164833219814e-01 2.914224543063655831e-02 5.244270991817778088e-02
8.290513801037411312e+00 2.029146965286138249e-02 4.062816385134599528e+00
7.215786054018763274e+00 2.615968117455404890e-02 3.515917739897699068e+00
2.381768961725308775e-01 1.454114066608047651e-01 1.039700210716790751e-01
1.709954189084467446e-01 1.841402664530220404e-02 8.395181843268238742e-02
8.819292048227999059e-01 3.045714427439136229e-01 3.380149127623982008e-01
6.526162214844713816e+00 2.431364926122981870e-02 3.185626892481421724e+00
1.030606826482921567e-01 4.236861620230848724e-02 4.943581428217596468e-02
2.049700748924441762e-01 6.801123818419117784e-02 9.595876314978189769e-02
3.902614400182999876e+00 1.354502617261369064e-02 1.925229910564603575e+00
3.598064848602776866e+00 1.344207031520300126e-02 1.775170458181047684e+00
2.920068578718806318e+00 1.474574423567976411e-01 1.272408226627206762e+00
1.441922982571965384e-01 7.748878989254852356e-02 6.691127537000916836e-02
4.044024592168749876e+00 1.076208907796981709e-02 2.000482920692920441e+00
4.733139329356107483e-01 7.677898470606135950e-01 1.338716628909855377e-01
1.234764719995571497e-01 1.720020636362957767e-01 5.267758301399854542e-02
2.293607349327031475e+00 2.056452829535885055e-02 1.123695408637230608e+00
4.208799266266988859e+00 2.794365449376058907e-01 1.644786247086696518e+00
2.429418515925191091e+00 1.840537252232662957e-02 1.192756136934033595e+00
5.377512214485486552e+00 1.144672819391006138e-02 2.658326961068845140e+00
3.554892564544558931e-01 1.220492281708132273e-02 1.756014263717908530e-01
5.437310969304214758e+00 4.652367348069182118e-02 2.597796450805530899e+00
1.023975023966571252e+00 1.262772306062500127e-01 4.545839142177224845e-01
3.821710972838844977e+00 3.617848008144894933e-01 1.403199305262132102e+00
1.584334154467721412e+00 9.833979748058485626e-02 7.212404385700716958e-01
4.985614966526701886e-01 1.619680254456176693e-02 2.453075503702972504e-01
1.126852172934160873e-01 3.250688266124587278e-01 4.252051479525636307e-02
2.753327444052369177e-01 3.733599553940118027e-02 1.327114578059481464e-01
4.357451672216059002e+00 1.066692360574775650e-01 1.968723594296130086e+00
6.612424416199188526e-01 1.854458552001124819e-02 3.246016183387425702e-01
3.614601133901565455e-01 7.955789534288892906e-02 1.674111758848049747e-01
3.130135674966515236e+00 1.669279230228686017e-01 1.341186380585552618e+00
4.504144812630184180e-01 2.040000117306477526e-02 2.207048612040455882e-01
3.085878746878207290e-01 1.089950188184194979e-01 1.391295134114336196e-01
6.180568768825931869e+00 1.214462357017340004e-02 3.053204366696625538e+00
2.828557849393209533e+00 1.919200137465408296e-01 1.186555228862318678e+00
3.192883405623922477e-01 2.212685240250102936e-01 1.307199580932839889e-01
1.381989236775313656e-01 4.145553382300952439e-02 6.634893146624616656e-02
2.078960945939287708e-01 2.704463927577542837e-01 8.182009716389895826e-02
2.109775433683478141e-01 5.396590676908517015e-01 6.851437041992923527e-02
1.203175072889563157e+00 8.504840124105392807e-01 3.250973974431270452e-01
8.765252983120465080e-01 9.935675147164152454e-02 3.986537114265663595e-01
2.335813963180197295e+00 1.647924757875270096e-02 1.148972774773361794e+00
2.157183080804587483e-01 6.824862314364354976e-02 1.009682125522627094e-01
1.596162657791401485e-01 1.902956906266699832e-01 6.704899758777793650e-02
9.606891578506597806e-01 3.828276527837787963e-02 4.626336822575908836e-01
8.977242971634519009e+00 1.834318247275860958e-02 4.407768975207267736e+00
2.529197896600388518e+00 1.834272004644582621e-02 1.241820581034366100e+00
1.135211158970565348e+00 7.476563442720121078e-01 3.247810024811939034e-01
9.546411882976801877e+00 1.846461807132356858e-01 4.029224944290635158e+00
2.342770819161716922e+00 4.343758941295387116e-02 1.122621440387142844e+00
7.988358983358589072e+00 2.391140757512122961e-01 3.223415478722429395e+00
4.735643320181243676e-01 7.029738324281697981e-02 2.212302577921408386e-01
2.259506023575451883e-01 5.745187633189529491e-02 1.068372979493525526e-01
1.761075749757680942e-01 2.757151437324453086e-02 8.569115264117792286e-02
6.360190716619004148e-01 4.327727762027822750e-02 3.048178491496832399e-01
2.661489508227283807e-01 4.234314796155816407e-01 9.348850107439164725e-02
2.076887275515117537e+00 2.564194583779649469e-02 1.012481638423343933e+00
1.754924432325548622e-01 7.741778668563678578e-02 8.144122243071856559e-02
3.109182738323085782e-01 3.378821644587478024e-01 1.161979291195997660e-01
2.159517943224430192e-01 7.876245038746879645e-01 6.040188917033920829e-02
3.657039167424958936e+00 7.274371719745797993e-01 1.058515825280265110e+00
1.866076580031830412e+00 1.155679606960447262e-02 9.223785492235607730e-01
6.867187061992877650e-01 3.139580258146521530e-01 2.613168353583909531e-01
4.053123575292541525e-01 8.754010295732488067e-02 1.863436375482140084e-01
1.218275253028521105e-01 3.160750639417317376e-01 4.628441364809793290e-02
2.062676296848375834e+00 3.737320871561928270e-01 7.507563942538419965e-01
5.088468868927845890e+00 3.685264623411202423e-01 1.859105033388638084e+00
2.244552750605455227e+00 1.133561890447153248e-01 1.008011978866948377e+00
1.996702065728294562e+00 9.607684083476898673e-02 9.108403678192908970e-01
1.539435499681803821e+00 7.316219431128611062e-01 4.445068121839654274e-01
2.453038882433388190e-01 1.598864837948512641e-01 1.057447826449220141e-01
5.640042777475007263e+00 7.311144770890519728e-01 1.629020741296958175e+00
1.610717444542081545e+00 1.784453521663411646e-01 6.834077802509436195e-01
1.310417553356288956e+00 9.166278969734475979e-01 3.418549723255027706e-01
1.559243446099934094e-01 6.583962381216211801e-01 4.701058197846636616e-02
3.917790474955073488e-01 8.130593123443772274e-01 1.080436378523428609e-01
8.924957797546559934e-01 2.388184664144709507e-02 4.358392438943196612e-01
2.321925785129491437e+00 3.931584392057634741e-02 1.117045313372000859e+00
5.784632053535178287e+00 7.781085937241288830e-02 2.683509821427968678e+00
8.323832779924295266e+00 2.184889114019588838e-02 4.072927441667243187e+00
1.451991856230784750e+00 3.176273364688118883e-02 7.036462012436506264e-01
1.591440990475988526e-01 6.896373948399034393e-02 7.443849270529083462e-02
6.936980677605105505e+00 1.050891767442556531e-02 3.432419326674424287e+00
1.772123889378906247e-01 1.953173361428925045e-02 8.690871656817593383e-02
4.060797223557629287e+00 3.331195950231619768e-02 1.964942525930634565e+00
7.259208690800917907e-01 2.390495888543069380e-01 2.929345506467251337e-01
1.754468089482886517e-01 1.223757584729637804e-01 7.815867708466497921e-02
8.429549875062339881e-01 2.890274995759386026e-02 4.096378338676693875e-01
1.574315867654162704e-01 2.537964173881973040e-01 6.278195749409000437e-02
1.136103823512505384e+00 1.357182773244721974e-01 5.001697367189252841e-01
1.949367766342361419e-01 4.251723887482564135e-02 9.349331088502128850e-02
9.517193508998360585e+00 2.837969048534747657e-02 4.627276091239552969e+00
1.126333816743979033e-01 3.332632842158531616e-01 4.223973727013798779e-02
2.131675561164592558e+00 9.913039617363440803e-02 9.697100401305990269e-01
4.717108833395144529e+00 8.002094636025646190e-01 1.310155548220290012e+00
1.217348887256539225e+00 7.710085755809314989e-02 5.651044090784608231e-01
1.802253090592866647e+00 1.074519238678666062e-02 8.915467044354685733e-01
7.099521661212383705e+00 1.433542456828673650e-01 3.104690295251494980e+00
1.962879850995236097e-01 6.882628218039027468e-01 5.813312434665552503e-02
9.752172979571373190e+00 8.467370158921049272e-01 2.640379462708820402e+00
1.486115260103359814e+00 1.544188759828077351e-02 7.317579067071549037e-01
1.957575278259929552e-01 2.884564177715949126e-02 9.513454685381883547e-02
5.140273771305757577e+00 2.193122515636341044e-02 2.514980286720985170e+00
2.549733490495779797e+00 5.289940402502512073e-01 8.337944502643266365e-01
2.877105161506118947e+00 2.670850108453526883e-01 1.135324440302004634e+00
3.608233763268702265e-01 3.379860236757598613e-01 1.348382456700123744e-01
6.678556298376438605e+00 1.375614177723896714e-02 3.293965887431325346e+00
1.083740767410078382e-01 1.186976746882742600e-01 4.843760704660727417e-02
7.148010531556279190e-01 1.050305219581550847e-01 3.234304568750616671e-01
7.204045237751915742e+00 5.848313921655833303e-01 2.272811250888963741e+00
5.819100220561704839e-01 2.593884368735326351e-01 2.310288093087382033e-01
4.863532753983699775e-01 1.733337373016430594e-01 2.072527448656056592e-01
9.529900260156238812e-01 5.554638014540668189e-01 3.063362918265140622e-01
2.182449371035150687e+00 2.415209011796527402e-02 1.065490854382657560e+00
3.019239968425626586e+00 3.939415481393897939e-02 1.452403765425301030e+00
1.720009115716616632e+00 7.863145916008812408e-02 7.973108428786039870e-01
2.935514775771990714e-01 2.783173448690843266e-01 1.148194846747004061e-01
4.297141202933993931e-01 2.158694817906059160e-01 1.767106283729406591e-01
7.074301620918812539e-01 1.892187199358064120e-01 2.974348411409417081e-01
2.981167533596674968e+00 1.495792375068246208e-02 1.468616315925712401e+00
2.310486422380795546e-01 1.450327584321709773e-01 1.008917170869598062e-01
4.462294523857721629e-01 5.153802365609256447e-02 2.121794183125575439e-01
3.966557631847186904e+00 2.374304415363366269e-02 1.937281847480823105e+00
4.526687691582609308e-01 1.881892000077879379e-01 1.904868219452313938e-01
2.195352931250768691e+00 5.678449243339623448e-02 1.038694713524636049e+00
3.642645638140585174e+00 2.112429245595860705e-02 1.783644589131980318e+00
1.640342139447952541e-01 5.994079521682242617e-02 7.737895110983074309e-02
5.953614300764034972e+00 3.573321267924230160e-02 2.874106105646251130e+00
8.827486091149313596e-01 6.143912275504781473e-01 2.733998407728989721e-01
7.308515399861662543e-01 8.417180571369389241e-01 1.984156959188201619e-01
6.522575082459080020e-01 2.610691682776012518e-02 3.178311624008838265e-01
1.260279239050958511e+00 3.117161481957253510e-01 4.803932774573528297e-01
1.180570725881383121e+00 5.593113033166673131e-02 5.590188090725989323e-01
9.747889629216240692e+00 1.628246459187824083e-02 4.795856451744854532e+00
1.358247487717607893e-01 5.607006346956406873e-01 4.351403009400601346e-02
5.041029689912068790e+00 2.774521638090660103e-02 2.452470519718645825e+00
3.873550772166566514e+00 3.023499977105181258e-01 1.487138933073337332e+00
1.315439687519482037e+00 1.968060093479305217e-01 5.495626180203541100e-01
1.385334596734276724e+00 1.570878773524810035e-02 6.819546180274724811e-01
1.263572694264709639e-01 3.729265371560043230e-01 4.601749110634064527e-02
1.600301757348619736e-01 4.100830262576516533e-02 7.686306407509586880e-02
2.459335714398293682e+00 4.806316092468069234e-01 8.305022326415651968e-01
1.255317670476214509e-01 1.427795452965831269e-02 6.188233042382999122e-02
1.051460614112147141e-01 9.441011097937574981e-01 2.704233357038957411e-02
2.518736591807654079e+00 1.257105893156068750e-02 1.243733251899062475e+00
2.395290570600086266e-01 1.498560869390935801e-01 1.041561025682930519e-01
1.829098081412931509e-01 4.666412280865482876e-01 6.235669795670690380e-02
9.515361943882972851e-01 1.111228113925316341e-01 4.281867785595050990e-01
3.788469470943358064e-01 6.249618565041611257e-02 1.782815563062098985e-01
1.838871642477827306e-01 1.338751080301679545e-02 9.072894736095030166e-02
3.476775118895913952e+00 9.948394031005544091e-01 8.714423610973406342e-01
3.172657851873829093e-01 5.337073738671003209e-01 1.034310033952000885e-01
4.244439497556596330e-01 1.738786134184376955e-02 2.085949547284041694e-01
1.071364933114164586e+00 1.374747455854827792e-02 5.284180528196663618e-01
1.203177161776316284e+00 2.876902390008894694e-01 4.671842362918948721e-01
9.580667218387223016e+00 6.977269766067503709e-02 4.477898547671736118e+00
3.325098071032209557e+00 1.882394009462639850e-01 1.399170095009575121e+00
1.063594986769774708e-01 1.666027062782214352e-01 4.558514141300643724e-02
6.101353506137870975e-01 1.995711192204680309e-02 2.990985324196741568e-01
5.855072907848344332e-01 5.025433263681438473e-02 2.787454774477503561e-01
5.246672746381946695e+00 3.355916609973202402e-01 1.964175466049302488e+00
9.433293527990750604e+00 1.803934969584622128e-01 3.995825778563530495e+00
9.152424194657257317e+00 1.492594263338614391e-01 3.981879106205593377e+00
6.347895178697283036e+00 9.561422955881864194e-01 1.622554553677945544e+00
7.960748216129347021e+00 4.796824624000794318e-02 3.798181979602728742e+00
5.480996497447697680e-01 6.407965132593855528e-02 2.575463448914696030e-01
3.210652538106228970e-01 3.303133861652744752e-02 1.553995710529967877e-01
4.015295003272278507e+00 4.848930320156107782e-02 1.914800175362580958e+00
1.045484627584303272e+00 1.711563552124380772e-01 4.463471606208639364e-01
1.614856289509931209e+00 1.290591754171764756e-02 7.971403175475186842e-01
1.772519654251426546e-01 2.223101803327077325e-02 8.669858490802202777e-02
3.256441503155930173e-01 7.501173684638044736e-02 1.514607418477551259e-01
3.306891120033671472e-01 2.165534940768713557e-01 1.359122774351555207e-01
1.019084851568602401e+00 6.615608627311940493e-02 4.779247920118993576e-01
1.276954761619967904e+00 1.667596453678033552e-01 5.472227149309004668e-01
5.126391611376944546e+00 1.335727221165304290e-01 2.261165742328949513e+00
1.379224738800399308e+00 3.522410655820881198e-01 5.099773900915721692e-01
1.092062317014713457e+00 6.810196339925246589e-02 5.112163231772398619e-01
1.964688635497680025e-01 8.182058662768467716e-01 5.402822287447534705e-02
1.552041758480202649e+00 1.529672946363337671e-01 6.730640867700171670e-01
4.854395121026665594e-01 1.708896691181625155e-02 2.386416173486793912e-01
1.377011381363536791e-01 3.983173957513820307e-01 4.923815528389402507e-02
6.699759956083995327e+00 1.252106301232945411e-02 3.308454609404215763e+00
3.840085261234715275e-01 7.241329021160408663e-02 1.790394289349493961e-01
3.047111956757988072e+00 1.247686017767509481e-01 1.354550594648797235e+00
1.292437751050750372e-01 3.524824169203642082e-02 6.242163468630271966e-02
1.959590185977491683e-01 6.720053852599154609e-02 9.180983869648629003e-02
2.875768253174346700e-01 9.100594258458057084e-02 1.317943441426948081e-01
2.829397202554808088e-01 1.994992353855943867e-01 1.179407672421425995e-01
7.215700514841187907e-01 1.250127595181722562e-01 3.206941634124920726e-01
1.164498551479124649e-01 4.631381776867894706e-02 5.564767145876372417e-02
3.062360748139612010e-01 3.203435198770451103e-02 1.483652526798883431e-01
1.004974735477234704e+00 2.434679060109983667e-02 4.905441910388095295e-01
1.048323128219189160e+00 5.738089143659724084e-02 4.957168872206959565e-01
6.676487036836235234e+00 2.308527684096940008e-02 3.262918149624609576e+00
7.597695126143925171e-01 2.076758358558590881e-02 3.721559759693769398e-01
2.565840095472852411e+00 1.395065673783088371e-02 1.265268718168147011e+00
1.066023834207981746e+00 9.160742808565570661e-01 2.781791512100013630e-01
6.740581887394279104e-01 1.826960398004694522e-02 3.309821809984205832e-01
1.902471382252415577e-01 1.109057795731695391e-02 9.408016570068009066e-02
8.264799078971877933e+00 1.826625096779140867e-01 3.494149434576526048e+00
7.236158608504118739e+00 9.610554768395000724e-02 3.300849367925370981e+00
8.932325883641983211e+00 3.138375399795041709e-02 4.330263032075902352e+00
2.865015218964117150e+00 1.653038615490847948e-02 1.409212778085867868e+00
5.537951414541310013e-01 6.814987193092403306e-02 2.592310105570767576e-01
2.724535465593674211e+00 5.604445817314491762e-01 8.729997519586901733e-01
9.527810300466841298e+00 1.689209028537545509e-01 4.075472633437405179e+00
5.425602700358099773e-01 1.866881014558482293e-02 2.663084727008914188e-01
2.738439299679253924e-01 2.670183723533356770e-02 1.333609817555808930e-01
4.770979129831233179e-01 3.670129432520918139e-02 2.301038474605490158e-01
5.688174874879943221e-01 7.189560297467195715e-01 1.654543448594804900e-01
3.543271209145941181e-01 7.717608324743236992e-01 9.999293200870806864e-02
3.937518344841101747e+00 1.107884916596938857e-01 1.772397884208282370e+00
9.441799845900580301e-01 1.497502858450887667e-02 4.651247360769150130e-01
3.536176964163061598e+00 4.068009877106353311e-01 1.256814928001179776e+00
6.418058628345234551e-01 1.298023369237349262e-02 3.167909113562378254e-01
2.684507762487309268e-01 8.210586348263541889e-02 1.240409027009392734e-01
1.678693550987367056e+00 3.497029887477430543e-02 8.109863407734756446e-01
3.363200429716798889e-01 1.042962116090429513e-02 1.664242793007565391e-01
1.253040807493505382e-01 3.543207626669143684e-01 4.626085791618635146e-02
6.348331361089708302e+00 9.522337494272307135e-01 1.625914766341954865e+00
1.973068288086898547e-01 1.231784668545181025e-02 9.745300325125907936e-02
1.819607306292884585e+00 1.657116273548018062e-02 8.949729113879856257e-01
5.990289837690815133e+00 2.215163850420766647e-02 2.930235403455822674e+00
5.776092676247913893e+00 5.547926333423534029e-01 1.857512234229907966e+00
1.182637738217818368e+00 1.015045140126415030e-01 5.368283666444627622e-01
5.240029705935838500e+00 8.411909114863447279e-01 1.423000100979670002e+00
5.828072382607483171e-01 8.298168379199373224e-01 1.592528897382047004e-01
7.838623909063393569e+00 4.630972305669199818e-01 2.678777508869348178e+00
2.152880338197467602e-01 3.208642418534383145e-01 8.149514045351637093e-02
