3.767435344488388460e-01 9.034379419848527215e-01 4.148582915513987064e+09
7.629870138898492415e-01 1.872041657178746266e-01 1.956756330498586731e+11
1.338242431102350416e+00 7.072430727680899309e+00 2.404628606513252854e+08
4.869737042742215749e+00 2.367597720254174531e-01 7.808008955914089355e+11
-8.006658377547704930e+00 4.151927309538452349e-01 -4.174480475949063721e+11
1.010886818503218543e-01 1.125877969387256483e+00 7.167546342395610809e+08
-2.312232864072784277e+00 7.494326099172225142e+00 -3.700130272956587076e+08
2.762047206128865895e+00 6.776840569813591397e-01 5.405391792108058167e+10
-7.365807954637870303e+00 2.435893501131253469e+00 -1.115717940176474190e+10
7.235199340564840709e-01 6.554213092417103814e-01 1.513770386723599434e+10
-2.167386304837317645e-01 6.091413123821121101e-01 -5.249897616509225845e+09
8.977981136995325517e-01 1.386613150011250850e+00 4.196803910050544262e+09
-2.140598335960275378e+00 1.610190204016841986e-01 -7.420470475577535400e+11
-1.989218850850149600e-01 1.566728429441370585e+00 -7.283594114872225523e+08
-5.487969332284150514e-01 1.713181217008045432e-01 -1.680566436138479004e+11
9.937288785272100355e+00 2.081145113895554122e+00 2.062119370685919952e+10
-2.892050776453813032e+00 7.340404684689185721e-01 -4.824102474668278503e+10
3.526973780782207690e-01 1.365867525083967193e-01 1.699165536267093506e+11
-3.036474762337155298e+00 1.837002985822249468e-01 -8.087244435338111572e+11
1.392913753884964967e+00 2.291923098967262096e+00 2.383278316856718063e+09
-3.885608461858373608e-01 2.455937717341564186e-01 -5.789951912881839752e+10
3.410271598559330708e-01 1.697757981107049230e-01 1.063378866658737946e+11
-1.268348015666938000e-01 3.661044061535762228e+00 -8.505094445278236270e+07
6.127635786964807707e+00 1.333277745530038194e+00 3.098149010207600403e+10
-5.431986621089413880e+00 9.643840519304477610e+00 -5.249395206276111603e+08
-5.625794085317933124e+00 2.039307093410247074e+00 -1.215819741220712471e+10
4.489901659467033235e-01 1.156628108291105850e+00 3.016476613992865086e+09
-9.594977714220293663e+00 4.422248162593225285e-01 -4.409693133576955566e+11
-1.523474958434915427e+00 2.456043478902096400e+00 -2.269937172090593338e+09
-2.110400641894956686e-01 1.824221459003788626e-01 -5.699810384571652985e+10
3.426688523824409360e-01 4.722973789365267350e-01 1.380683636039091301e+10
5.327478917495668265e-01 2.117249528210983556e+00 1.068140220386674643e+09
-2.060487083520052387e+00 8.293076417920124399e-01 -2.692707501357038116e+10
1.333998109053848580e-01 1.143564398418575184e-01 9.168210573557530212e+10
-7.491799220962001016e+00 1.373211100042901478e-01 -3.570772139535606934e+12
-9.813800658329684401e-01 2.370296495357772371e-01 -1.569938000578602600e+11
-1.783676319548668010e+00 6.067929398889654102e+00 -4.353971949403209090e+08
-1.613201651860942942e-01 4.645500029594858304e+00 -6.718531257260946929e+07
9.892646840808444253e+00 1.010079281138444307e-01 8.714695116773943359e+12
-7.780874931020299812e+00 3.305301161885584538e+00 -6.401134908140355110e+09
-2.206304161496436267e-01 9.341277403198287033e+00 -2.272497760434946790e+07
2.776199537370143133e+00 3.017425012142210594e+00 2.740490644858256817e+09
-6.460673808037761923e+00 5.422367844524345060e+00 -1.974924423896001339e+09
-1.593561456743187499e+00 1.263038348933674282e+00 -8.978139753242715836e+09
1.073269822174436755e-01 6.204577058746830964e+00 2.505735183749746904e+07
1.199165055936235041e-01 1.764308651545145823e+00 3.462425641781928539e+08
3.680546767877092007e-01 1.309007644408900273e+00 1.930539061683913708e+09
-3.975011272368078608e-01 1.147100954412842433e-01 -2.715099193215441284e+11
-1.472822345445069736e+00 1.490162332089238317e+00 -5.961201752879646301e+09
3.072598109617459272e+00 7.013761497861544791e-01 5.613767087866486359e+10
-2.652202477571437012e+00 1.524710638050961631e+00 -1.025374313774134636e+10
-8.536678151730594521e-01 1.227840981935346965e-01 -5.089267476833842163e+11
3.902628922265450662e+00 2.203207654219694611e-01 7.225984300854035645e+11
1.592428144941330670e+00 1.032303689043571338e-01 1.343060277207671631e+12
-3.836621481185949367e+00 8.120354511280696297e-01 -5.229372672193368530e+10
1.101836844010546101e-01 3.524679048476260790e-01 7.971292672604926109e+09
-3.977760046513134640e-01 1.009807879540517206e+00 -3.505998203962518692e+09
1.310039464911033846e+00 1.596435316791676495e+00 4.619897537932052612e+09
-1.290240237905960208e-01 3.005764014078922575e+00 -1.283546003739761710e+08
-9.279634323437424559e-01 1.377606385618459772e-01 -4.394719760827641602e+11
-3.881548764507347204e+00 2.927696365442021165e+00 -4.070086112175465584e+09
5.818539013631626844e+00 8.136313520995798854e+00 7.899674896434547901e+08
3.808767321930171867e+00 2.159674436994504454e+00 7.339364977052868843e+09
2.813027992431244573e-01 2.886767812211107342e-01 3.033897916722238541e+10
3.687106418400956098e+00 5.353620093828455495e+00 1.156221902966758013e+09
-4.972807696316389858e+00 3.519540081239411311e+00 -3.608115675293717861e+09
2.636150441520480059e-01 3.395254164146233045e-01 2.055304762114133835e+10
8.907244182903681917e+00 1.788130381096841859e+00 2.503776808209033966e+10
-2.466833149875994891e-01 2.282674585850107629e+00 -4.255027654472915530e+08
-4.836512196708526168e-01 7.608126756757586096e-01 -7.509783663962334633e+09
-2.897733095173327666e-01 3.771372009478076159e-01 -1.831092367139728165e+10
2.151874300625542968e+00 3.477584085714685025e-01 1.599234822465780945e+11
-1.925535028812158100e-01 4.430892937404888876e-01 -8.814943421217430115e+09
-9.884626225577619607e+00 3.079300246653024486e-01 -9.369292479464067383e+11
-8.492039842706534669e-01 1.820062804494418041e+00 -2.304039354000908375e+09
7.189793362461701420e+00 1.589023992420190989e-01 2.559211142225355469e+12
-5.427572499886413659e+00 3.583061351905296288e+00 -3.799686471394486427e+09
-1.236818434614957440e-01 6.169137009348483192e-01 -2.920839794851584435e+09
8.093811322175323841e-01 4.141873066217137689e-01 4.240432204660221100e+10
3.216663336190466183e+00 4.703286287440602842e-01 1.306933221076021576e+11
-5.413934919455087869e-01 7.060051786637237647e+00 -9.762203931990273297e+07
2.324527975241011291e+00 1.338622628377348134e+00 1.165920856591879654e+10
-7.335671404695903730e-01 1.688543726682958657e-01 -2.312415460134685669e+11
1.785313412636097552e-01 1.963785843117749619e-01 4.160799957331124115e+10
-7.884459172776747238e+00 2.059127809475035376e-01 -1.671305794926377930e+12
3.448925622918178613e-01 5.618248052782083279e-01 9.820478003823598862e+09
-4.961376492067163468e+00 2.203429941571631578e-01 -9.184474436125229492e+11
8.508131346049035315e+00 5.354635802283517876e+00 2.667011750963191509e+09
7.418798855244019830e-01 2.678868688065731085e+00 9.291404395942419767e+08
6.270623179414428483e-01 4.646548378641266908e+00 2.610359936291380227e+08
-1.016806178026198049e-01 6.876857750674204572e-01 -1.932451988372354507e+09
-5.145283915647492767e-01 1.816820597220976108e-01 -1.400992701200784302e+11
-4.038290878416783691e+00 1.058928278319661576e-01 -3.236794474467111816e+12
1.130422101194676759e-01 1.175935568126502684e-01 7.347239640900274658e+10
-2.417035492581694367e+00 6.956658664807586767e-01 -4.488820680226650238e+10
-1.382595639106461549e+00 1.169906243321993777e+00 -9.079118484811923981e+09
-1.631758491365939423e-01 1.332573925780025981e+00 -8.258931749369994402e+08
6.920471081351680986e+00 5.377201564347048546e+00 2.151164607334265709e+09
5.048609440371185642e+00 3.104161636426828519e+00 4.709054739409261703e+09
1.217841583868057409e+00 2.763245830167937456e-01 1.433515426453476868e+11
-2.474517828369837691e+00 1.156917205462383746e+00 -1.661638880876614571e+10
-3.455082480594748873e+00 7.058793261936398444e+00 -6.232296589402269125e+08
-7.504066315266728626e-01 7.650789317911841358e-01 -1.152218372802977943e+10
2.037116790839368918e-01 1.976093507003347793e-01 4.688690483679033661e+10
9.943574785833048324e+00 4.811982995373612626e-01 3.859623969483282471e+11
4.789064077010304898e-01 5.381920039047294324e-01 1.486027286991489220e+10
-2.651285551655417905e+00 5.824480442844541805e-01 -7.024133234885885620e+10
1.425226366324050531e-01 2.868432663229104396e+00 1.556844181781347990e+08
2.464384060677277333e+00 8.604607761627879325e-01 2.991554048305318451e+10
-2.078460930547576246e-01 6.539305353100266061e+00 -4.368468910009631515e+07
-1.360492767161107508e-01 3.802767382376320837e-01 -8.455656563532083511e+09
1.215226200943824164e+00 1.621845016621711544e+00 4.152303041624060631e+09
1.999881888270472974e+00 4.114647971831671747e+00 1.061670121822893620e+09
-4.548429722249414109e-01 2.060424298813845034e+00 -9.629390108265111446e+08
-3.278356200175555624e-01 6.790691503928540484e+00 -6.389674787859158218e+07
2.563301922422354107e-01 7.521469721608121661e-01 4.072348704989668846e+09
-2.603030120164054328e-01 3.026324224024723897e+00 -2.554458805909740329e+08
-7.158970972525929177e+00 3.156614737560395900e-01 -6.457405513762451172e+11
-4.880857105573954691e-01 2.964596889127227297e-01 -4.991320005886515045e+10
1.199839531124359482e+00 4.620139442890531245e-01 5.052003212233127594e+10
6.390803889276025274e+00 1.792658010841505112e+00 1.787356634773348236e+10
2.200288784220368332e-01 1.450432520462814900e-01 9.400160007004623413e+10
-3.474159601120164531e+00 4.110047710086245587e+00 -1.848445531430049896e+09
-1.027824759219323925e+00 9.004329671629143217e-01 -1.139375611272132874e+10
-3.017847776884887701e+00 2.102301085509683254e-01 -6.137028201398099365e+11
4.076860372190196924e-01 3.195719135888187790e+00 3.587891072690818310e+08
-6.433937029056172818e+00 9.478303360657748255e-01 -6.436743680351045990e+10
-1.751079277779862275e-01 5.278154562874153299e+00 -5.649268539032848924e+07
2.284054239632409000e-01 7.033065250109226341e+00 4.150187690639913082e+07
-2.846361402295728427e-01 6.478607640317999294e-01 -6.095050415052902222e+09
3.802596898685812188e-01 3.335970881691335599e+00 3.071046593758047819e+08
-7.825175288837306065e-01 1.252309322709096451e-01 -4.484576799417167358e+11
1.165643272861168533e+00 2.529904439535766159e-01 1.636846845036645508e+11
-7.588740988235173290e+00 9.090344378362019029e+00 -8.253908988197956085e+08
-1.320978543152844020e+00 3.217656586347419800e+00 -1.146745381995705128e+09
5.559272929413459963e+00 2.921561254466626512e+00 5.853809993340951920e+09
-3.430129971338492512e-01 7.251302749602076325e+00 -5.863124537564010173e+07
9.506287406698586295e+00 5.869154883938522360e+00 2.480335434488033772e+09
1.145328432051697209e+00 5.535393328397783641e+00 3.359569952439441681e+08
2.247508067084080352e+00 1.012749427792886792e+00 1.969463174242813110e+10
-7.398205665161757594e+00 8.866277233883733677e-01 -8.458520474345776367e+10
1.391904053855836043e+00 3.379359258396605004e+00 1.095446545672688484e+09
-5.758298701210810000e-01 6.846099657412385575e-01 -1.104227030574226761e+10
-5.566702284709587056e-01 7.614392084877226630e+00 -8.629351143376673758e+07
-5.572902016106341172e+00 5.511060031858372454e+00 -1.649156010672877789e+09
-2.104713669883035987e+00 5.502019591422146583e+00 -6.248839573155770302e+08
-5.907650144445525386e-01 3.175195843974314425e+00 -5.266527443273459077e+08
7.061751382227778873e-01 1.720411130261041976e-01 2.144364233094461060e+11
-1.235774332334757253e-01 7.243349693810257506e+00 -2.116951380072753504e+07
-1.387947347790227381e-01 2.083557550871231734e-01 -2.873509306761560059e+10
1.298993143821845497e-01 1.304067594827388599e-01 6.865264450001860046e+10
5.906245739004152284e+00 8.816788511510454285e+00 6.828751106577444077e+08
4.515798123558885102e-01 2.415835991514590386e+00 6.954249096695274115e+08
4.381310831673899120e-01 4.907916858902365842e-01 1.634783664611284065e+10
-6.713059756335231221e-01 1.113885954007177576e-01 -4.862836594739286499e+11
-3.115581100603633802e-01 1.343607775832732942e+00 -1.551117372338202953e+09
-1.752864502801132762e-01 2.315436493167312371e+00 -2.938550894260866642e+08
-3.055969230517154855e+00 4.629380504420594455e+00 -1.281603954340050697e+09
7.038919667985912287e-01 2.755412112613125353e-01 8.332656914942929077e+10
-1.574651802475019458e-01 1.778222449416873463e+00 -4.475720681466000080e+08
-7.462557244056940320e+00 3.809995700639052241e-01 -4.620503703554397583e+11
-1.024999226161027455e+00 2.432056643802383566e-01 -1.557495442619865723e+11
-7.382804663664962463e-01 3.472993332056522942e+00 -5.501284399747883081e+08
4.071064183444134343e+00 5.322742346117502521e+00 1.291479983574691772e+09
1.457377410041702792e-01 4.915113251886271684e+00 5.421951065175212175e+07
-3.607732621269948314e+00 6.070900927199476271e+00 -8.797892894306135178e+08
-1.238042096861267316e+00 2.805116962105793643e-01 -1.414112892876228638e+11
-5.477656518615056314e+00 3.647273247084148462e+00 -3.700912456002092361e+09
-6.127209875506874681e+00 1.311937556820137740e-01 -3.199536325626424805e+12
-7.405764963555117042e-01 4.587572054310533609e+00 -3.162676313812530041e+08
-1.041367904724758819e+00 4.371430721626671789e-01 -4.897873978668115997e+10
8.797052969090364272e-01 9.202894250481824301e+00 9.335529637869003415e+07
2.096035529202602832e-01 2.341016514674210125e-01 3.437480976708855438e+10
9.892879132932344888e+00 4.416223919885580607e+00 4.559016352863981247e+09
8.166165824035182652e+00 6.897336914845784150e+00 1.542786861905609608e+09
-2.737904103060591621e-01 1.004909756938172499e-01 -2.436771042651315613e+11
-1.384286361134885235e+00 2.653769389964805714e-01 -1.766648697402112427e+11
3.063272546937564567e+00 1.177426487142213402e-01 1.985951574072429932e+12
1.267511833006802702e+00 1.922330684519560073e-01 3.082807765058482666e+11
5.144009796211761909e+00 4.016837394846480280e-01 2.865391065531875000e+11
-8.016146770847006664e+00 5.090481107160347740e+00 -2.780344551138644695e+09
2.251446568088093958e+00 1.373869445532115985e-01 1.072065531097785034e+12
-4.415083156664642239e+00 2.171947629937783120e+00 -8.411836204005547523e+09
7.427311449192041337e+00 6.696458940282536965e-01 1.488647366035230103e+11
-3.200714668408071173e-01 3.393695121030455564e+00 -2.497767039405411184e+08
1.340828984291858150e+00 7.059542812939216816e-01 2.418081057822164536e+10
-9.629287509253512400e-01 7.631085505608109498e-01 -1.486182464282138634e+10
-6.870469083560847290e-01 2.914467327150137788e+00 -7.269735769885126352e+08
1.608076746497044018e+00 1.913528648054329540e-01 3.947184739414680176e+11
-3.748854133715552317e-01 8.782159429835958875e+00 -4.368642706444189698e+07
6.009259834927919819e+00 4.342276977472484534e-01 2.864419075508234863e+11
1.816511927435986884e+00 5.114240636283583719e+00 6.242040106935143471e+08
-3.976121010142174006e-01 6.153860432071549535e-01 -9.436586539102817535e+09
1.259639542582342009e-01 9.538272360706672615e+00 1.244392729969214462e+07
5.446636183339564674e+00 2.974260223563245376e+00 5.533769419283668518e+09
2.724522830625513703e-01 7.580495342391190050e+00 4.261337180708238482e+07
-3.018987454033681850e+00 2.583134365313175973e+00 -4.066473366221591473e+09
2.496826965678904664e-01 4.749894527684231704e+00 9.946519356006437540e+07
8.749964541892224501e-01 2.770294581752177909e-01 1.024719512928947754e+11
1.073068768777199589e+00 9.249269192617955326e+00 1.127361851030535400e+08
-1.066351146007669559e+00 4.243059693612924121e+00 -5.323442591622146964e+08
-1.346932605386087778e-01 3.537392060570123231e+00 -9.674534795147764683e+07
-1.247207655666428827e-01 1.733035158975342049e-01 -3.732283623506356049e+10
1.739863479316610340e+00 7.776379595237785658e+00 2.585894999875744581e+08
1.245164839054419881e+00 4.491689161155656862e+00 5.546998886691727638e+08
-4.300597639830170960e-01 1.558728539937974389e-01 -1.590883787311868591e+11
-1.663054410779001735e+00 5.401885285862454644e+00 -5.122315943620605469e+08
2.510751508300907431e-01 5.284603259419912158e-01 8.080338862346420288e+09
-1.574292890062024275e-01 2.019340108537670986e+00 -3.469902002748885155e+08
1.270485105512837165e-01 1.519509523661424222e-01 4.945535726026913452e+10
-4.038376046521125140e+00 4.709963020289762881e+00 -1.636147228045056105e+09
1.008772366862522862e-01 3.270992750814205041e-01 8.473925318870410919e+09
1.980612478726856418e+00 1.627666329518740462e-01 6.719227877249813232e+11
-3.101028921916091918e-01 7.958144913170243306e+00 -4.400811317382994294e+07
-1.142143925293330892e-01 2.207271499932045078e+00 -2.106977709384424686e+08
-9.632294571734492106e-01 8.185440922330748936e-01 -1.292100269802534294e+10
-7.110547810050981132e-01 1.020876198563299253e+00 -6.132075907716061592e+09
1.592729360927486404e+00 2.032923892548634370e+00 3.463780510482313156e+09
-9.412753951924008877e-01 6.003187104264127605e+00 -2.347489000019226968e+08
4.050682467374144835e-01 6.974868963934691690e-01 7.483533594241674423e+09
5.200773653242563022e+00 6.678673990855295450e+00 1.047944016111974597e+09
7.276628607281267591e+00 2.485865709467961260e+00 1.058340706509468079e+10
-1.826534250128471371e+00 2.692195402949286276e+00 -2.264984748135492802e+09
-6.691614460437881107e+00 7.144357214895556751e+00 -1.178298181417468786e+09
-4.201146561861134887e-01 6.512053559100350775e+00 -8.903946121962139010e+07
1.470044057344817301e-01 1.285865505382188134e+00 7.990792934384315014e+08
2.608427164614146587e-01 1.015626646844272896e-01 2.272799676876846313e+11
-2.265508111794712676e+00 1.343693237743756930e+00 -1.127758156427126694e+10
3.234584892566758185e+00 5.424747470488378021e-01 9.878934823574044800e+10
1.236602058894986922e-01 6.987875600102361195e-01 2.276094312963395119e+09
1.080885759107640398e+00 6.655765503712868236e-01 2.192978573201537323e+10
-1.075458850073856221e+00 1.415323327572098056e-01 -4.825397406320286255e+11
-1.710433837412070890e+00 3.282636767081434925e-01 -1.426629627316804810e+11
-3.145852343578635413e+00 1.834928476432199362e-01 -8.397512742609167480e+11
-5.339849489666526061e-01 1.977927487895655978e-01 -1.226758009957902832e+11
7.730780690178808978e-01 4.688416908067863376e-01 3.160978373690134048e+10
8.590194264478500097e-01 4.745170218077418234e+00 3.428862040469440222e+08
-5.334475793250351705e-01 8.705123792914070124e-01 -6.326921763110944748e+09
-6.717077666296693561e-01 1.758662302190616700e-01 -1.951938272112142944e+11
-1.483959887071258088e-01 3.742853911639699716e-01 -9.520659370228111267e+09
-4.124906810375454369e-01 1.801486821429219010e-01 -1.142358929766019592e+11
-8.458619776864720885e-01 2.551312470293499501e+00 -1.167946146725501537e+09
-5.520466421019991188e+00 9.100107397471690618e-01 -5.991469533846475220e+10
8.356127822579333397e-01 3.133013569434034973e-01 7.651227956893260193e+10
7.519371668403868725e+00 2.084210116740320140e-01 1.555783534269523682e+12
-3.874271509852232231e+00 1.189354309946088484e-01 -2.461603891782795898e+12
-1.074256594339997456e-01 4.130614296456107226e+00 -5.658865333217366785e+07
4.923482181940488367e+00 2.182452667828727932e+00 9.290376650900236130e+09
-5.600005707562717427e-01 1.866610579171537276e+00 -1.444546885236167192e+09
1.373478251364217695e-01 1.369074843426261401e+00 6.585943859873218536e+08
1.043742427820153917e+00 3.591902755279494652e-01 7.271011229507577515e+10
1.031498572196000829e+00 7.462406976976547757e-01 1.664797398648350143e+10
2.020499516371719206e+00 2.252012587581030678e-01 3.580698396941343994e+11
-5.999616251428093960e+00 4.031634416973951751e+00 -3.317506658349326134e+09
4.005905213357228156e+00 2.457247532079422092e-01 5.962844338593370361e+11
4.906770733594750800e-01 2.258105070048064711e+00 8.648844579621734619e+08
1.010360956342243988e+00 1.081892512654678118e+00 7.758163772633543015e+09
1.128547295207176893e+00 5.048794976429252790e-01 3.979192162003854370e+10
2.198042491643856788e+00 1.864917662571244639e-01 5.680249050687796631e+11
8.372515851496560302e-01 3.332896344517524700e-01 6.774277496485942078e+10
-1.088375934355485519e+00 2.019098139742798725e-01 -2.399466502138836975e+11
4.350153339702912403e-01 1.107664897237396806e+00 3.186679587893380165e+09
-1.288717066472914452e-01 1.730459155127122006e+00 -3.867991334682673216e+08
9.455505619383564042e-01 3.091574479260373876e-01 8.891518742239591980e+10
-2.027372129744516194e+00 8.240793525534522601e+00 -2.683156623285296857e+08
1.303883257252150596e+00 1.580679811210803365e-01 4.690309637301662598e+11
-4.844681064597736175e-01 1.415972399071814714e+00 -2.171732018386823177e+09
-7.795335650274663131e+00 5.267750804890156680e+00 -2.524846580171669960e+09
1.402612654302445971e+00 1.066629733731125462e+00 1.108054186595613289e+10
2.670680964013543157e+00 1.140775598624850673e+00 1.844472494581064606e+10
2.103570671132481695e-01 1.403030275808522465e+00 9.604475211012904644e+08
-1.248366238051177857e-01 9.970875087679054616e+00 -1.128563712261683494e+07
-1.086364125184599017e-01 4.725963220632444894e+00 -4.371649743143936247e+07
3.922691000033933673e+00 9.079363333511581757e+00 4.276849084163997769e+08
-4.179056698362922928e-01 7.530159527522113372e-01 -6.624003113761561394e+09
-1.841362434452336050e-01 4.898229711769542805e-01 -6.897815924208037376e+09
-1.644580045037872695e+00 7.293857985387952603e+00 -2.778376060931811333e+08
-6.603379146244896525e+00 6.896734297704067096e+00 -1.247756562487740040e+09
4.800767292464614755e+00 2.220729225653091721e+00 8.749234505858751297e+09
-7.609084463424967915e+00 4.898754844115323359e-01 -2.849781818797124634e+11
1.501807788698154233e+00 3.541346659545050457e+00 1.076286982349331856e+09
7.581207643894273263e-01 6.213136120711612698e+00 1.765091701798000336e+08
4.551034853642996758e+00 2.792764297979045018e+00 5.244356567406264305e+09
5.484141796886174980e+00 1.765731551384588649e-01 1.580920164489386963e+12
-2.835505730540922587e-01 5.734111044796621481e-01 -7.750843169909017563e+09
-3.380593162738032564e-01 3.504682971236778855e-01 -2.473694425041966248e+10
5.778076789764211574e-01 9.792673622331456329e+00 5.415410305526539683e+07
-3.878303735544788577e-01 1.186976922526384870e+00 -2.474046660179929733e+09
-3.064126603719515840e-01 8.866004354289367395e-01 -3.503494526679372311e+09
1.695981143894783383e+00 4.019962595886046874e-01 9.432517365235145569e+10
-9.739524767188649790e+00 9.731097462598162551e+00 -9.244102238617879152e+08
-4.274318071212668269e-01 4.039145169567209814e-01 -2.354715977298703766e+10
6.414317497533521539e-01 9.938388798436026406e+00 5.836723307035894692e+07
7.222814008490807680e+00 2.307500253702172155e-01 1.219196016776567383e+12
-3.854053312693254352e+00 1.236192147006037328e-01 -2.266712165425958496e+12
-7.061878475769482577e+00 4.682708360557366944e+00 -2.894520545841683388e+09
1.367820191724282264e+00 6.037669826497745973e+00 3.372414201216211319e+08
-1.608363109046253292e-01 1.132322959802604556e+00 -1.127441702003433943e+09
-6.312745939585525656e-01 1.688174581693444365e+00 -1.990830179316112518e+09
-7.033362858784017568e+00 3.203714098715840564e+00 -6.158942324353032112e+09
-1.628610500739943179e+00 8.062079502293840960e+00 -2.252027533445044160e+08
-2.788066790065860889e+00 1.702033920717534787e+00 -8.650025136048482895e+09
-2.023553246526626825e+00 1.146400086818132463e-01 -1.383862160531032227e+12
-1.025850787382058121e-01 2.628688724843946667e-01 -1.334309228605305099e+10
6.577010444626475660e+00 5.932057852762948613e+00 1.679841840297374010e+09
9.399670533994569865e+00 1.069521307423924705e+00 7.385575930961204529e+10
-5.436482701933010864e-01 5.460070924030090422e-01 -1.638973987161870003e+10
-8.455459477291034087e-01 2.311800744310314126e+00 -1.421958862672144651e+09
1.208989367243622631e-01 7.657200618646105461e+00 1.853245900838219747e+07
4.007366034124250298e+00 3.640634586571331877e-01 2.717411756041112976e+11
2.855782520534499547e+00 1.554351202454001601e+00 1.062374021919087029e+10
1.892975754906841779e+00 1.471936108942263344e+00 7.852677306964309692e+09
-1.795030096500821237e+00 2.721686247260565739e-01 -2.177941625392128296e+11
-1.042170314325883584e+00 9.016714232665017370e-01 -1.152106707723588371e+10
-1.064548716602424117e+00 7.565594297554232739e+00 -1.671591144242948890e+08
4.446776788699065563e-01 3.608031045804642734e+00 3.070120465904569030e+08
-2.772587208521158364e-01 3.447033002101457910e+00 -2.097224636550043225e+08
1.685371959521086982e-01 2.922178231429151563e+00 1.773915710477133095e+08
-2.176618591354613219e-01 4.772449532686265705e+00 -8.589151508832347393e+07
-2.489409923746384035e-01 6.830282375342636492e+00 -4.795895569562752545e+07
1.611577435208018105e-01 9.448596596328243891e+00 1.622434532714648172e+07
1.220190673308226836e+00 2.141231024364171898e+00 2.391945416132755280e+09
-3.635250492030951963e-01 7.980736555393946219e+00 -5.129783192937758565e+07
-2.568075007014307687e+00 2.057087928498647855e+00 -5.454470676116935730e+09
7.824593899138134745e+00 8.653332025372161951e+00 9.391731963505254984e+08
1.439061057065658567e+00 5.019963225493571102e-01 5.132497751147972870e+10
-1.406228152379472573e-01 8.367510510989648598e-01 -1.805152401020777225e+09
-3.129218414306331741e-01 1.091480416975258161e-01 -2.360775010177691650e+11
3.070378291553767180e+00 9.256994852719101496e-01 3.220345444244803619e+10
8.695068472593328934e+00 3.793331814393941515e-01 5.431026949509329834e+11
-2.369864406378255628e-01 2.210018797752195674e-01 -4.360960783127462006e+10
-9.683724564179112093e+00 2.409505696768518668e+00 -1.499122531946164131e+10
-6.840755314038018398e-01 6.064953397973862348e-01 -1.671474434913850784e+10
1.450237612701190115e-01 2.018921538802176674e-01 3.197797070333750916e+10
6.034639011360940941e+00 9.751219135785682557e-01 5.704059954925376892e+10
-4.603951918403463295e-01 1.445823557316124885e-01 -1.979478570775621338e+11
3.855233240338955092e+00 2.811042713690584005e+00 4.384967579132037163e+09
-1.390242308039519870e+00 8.752192677249731600e-01 -1.631200625361327934e+10
-1.451451211731448476e-01 1.591378423791056873e+00 -5.151172927111514211e+08
1.584340720601288721e+00 1.688397518434261724e-01 4.995164472824365845e+11
4.288184332917516217e-01 3.057883792756315611e+00 4.121754396785227060e+08
-2.744724874166740047e+00 5.763620748742201094e+00 -7.426063255125893354e+08
2.814877405058751059e-01 9.496468654383345864e+00 2.805342073621350899e+07
-1.172264258136951121e+00 2.266284416197702267e+00 -2.051385669004409313e+09
-6.947187924302866691e+00 3.574595423533481475e-01 -4.886589699355479126e+11
1.578669660455036261e-01 3.519918949934884633e+00 1.145187381407913864e+08
-6.555012252366085868e-01 2.158550740138580171e+00 -1.264444006935869694e+09
3.768958780627279292e+00 4.941215231156406151e-01 1.387408858887286377e+11
1.092599776392284783e+00 2.319364357585661507e-01 1.825466081129064941e+11
-3.389367973451605787e-01 1.344215291373665799e+00 -1.685899480333538294e+09
2.119909039540122941e-01 4.878621666906459153e-01 8.005225398411450386e+09
-1.033537251847026356e-01 2.845087396784144462e-01 -1.147586760618969727e+10
-4.763838606654505980e+00 4.605662910474255689e+00 -2.018474934262102365e+09
1.891790676764302459e+00 1.319552314659880432e+00 9.764960109089786530e+09
6.401783951330934030e+00 5.961904432542640686e-01 1.618756821039294434e+11
1.708971981568055964e+00 1.289265488293827866e-01 9.240614358747718506e+11
3.112537741362596311e+00 9.835542870474693888e-01 2.891802129184768677e+10
-3.246325805356645500e+00 4.743335445344123436e-01 -1.296806100512260895e+11
5.328564080790340052e-01 4.463965432547273293e-01 2.403361863086817169e+10
-2.084598032226326059e-01 2.352337746521767414e+00 -3.385895785535160303e+08
-5.723028787055262967e+00 2.437338579952111228e+00 -8.658543098620300293e+09
-2.855391304299717881e+00 1.528732119586385885e+00 -1.098129276177888680e+10
-2.646976825760209429e-01 1.410581133720932634e+00 -1.195651506926555634e+09
-5.212733216226317357e-01 6.073043624147595132e+00 -1.270291275779047459e+08
1.288417105526439010e-01 1.261022123029890807e+00 7.282184682388665676e+08
-1.580635911561151463e+00 3.297173202700998118e-01 -1.306769351231813507e+11
-2.023497905750953674e+00 2.259481244415171841e-01 -3.562344337625592041e+11
-1.597574296342001987e-01 5.111756996985689083e-01 -5.495045370329973221e+09
-6.406860314686390723e+00 1.398083991372095714e+00 -2.945976973443636703e+10
2.793379114607268954e-01 4.424963345915169932e-01 1.282215861255512428e+10
6.983979021098752682e+00 4.792826783661468859e+00 2.732562332171427250e+09
5.404530679183947584e+00 1.697387852052379520e+00 1.685956734635339355e+10
-3.555952419295452138e+00 1.056130578662537317e-01 -2.865308085291040527e+12
2.430788429090655900e-01 5.985622876138793735e+00 6.097882860625896603e+07
-4.562290852501992844e-01 7.099311020104406289e-01 -8.135817181477172852e+09
-2.945856577273869292e-01 2.842288335074823480e-01 -3.277373605599117661e+10
4.438278047700605078e-01 2.600119811123254299e-01 5.900358557331842804e+10
5.141781196481178817e+00 2.160791987868401209e-01 9.897791211867786865e+11
-3.092352194031378065e+00 2.180485217276399101e+00 -5.845656280766932487e+09
4.627349059758549821e+00 5.794748385456089945e-01 1.238550484011814117e+11
6.282672474363655279e-01 2.346548129193984644e-01 1.025501041069962769e+11
2.097003948999799361e-01 1.424833923095757182e+00 9.283705895983029604e+08
-5.478580737992861938e-01 1.470155851512349399e+00 -2.278200437434274197e+09
-3.851453177122756144e-01 1.172107182250214236e-01 -2.519652138168624878e+11
8.032687120229866196e+00 8.108937620859377304e+00 1.097952496101513386e+09
4.052627826025827495e+00 7.211224905520987605e+00 7.004372899823348522e+08
-9.643545978528302864e-01 1.037031131057887245e+00 -8.059419951263451576e+09
4.635381389218944381e-01 3.911721359301832734e+00 2.722702989557005763e+08
2.221130666051565505e+00 9.251579963456147970e-01 2.332345651040084076e+10
-1.609814429195994268e-01 2.325849641630061804e+00 -2.674626620809825361e+08
7.013501850716416186e+00 7.095286557439504094e-01 1.252119139976163635e+11
-5.561823787646811290e+00 1.589290010851783230e-01 -1.979071734160535400e+12
3.411728258019941062e+00 8.659613748219656681e-01 4.089102607539751434e+10
1.040799824378332517e+00 8.798049838113838561e+00 1.208495376015458703e+08
3.795143615960100414e-01 1.145019070215800516e+00 2.601677096387405396e+09
-2.082411990096683096e-01 5.004882335533076265e-01 -7.471873844297387123e+09
-1.572564832077641306e+00 2.530283378614122669e-01 -2.207602372905540161e+11
-3.073243846769913579e-01 2.288663731378715593e-01 -5.273314390159381104e+10
-1.114227007631856115e+00 8.461637670932519839e+00 -1.398670611761619449e+08
-3.779188839308427195e+00 2.531333784119600416e+00 -5.300909391188524246e+09
1.627627225357644258e+00 1.027395726949649896e-01 1.385894125212876221e+12
-3.031210560648905705e+00 9.344157347350545706e-01 -3.120228775794869995e+10
2.496991233520385323e-01 6.787489999722978062e+00 4.871348837055304646e+07
3.294529754790895382e+00 4.142428995070224218e+00 1.725575264479497433e+09
3.821767492671172217e+00 1.163773585162038549e+00 2.536167245362631607e+10
9.716352172071268667e-01 2.343142805383263916e+00 1.590583049580966234e+09
1.610809822017304382e+00 1.669935489491805036e-01 5.191531560515350342e+11
7.878815590492628251e-01 4.899482332303967680e-01 2.949926274564997864e+10
1.779363118334637450e+00 2.617352878960296225e-01 2.334482614810914307e+11
-2.155536213495925224e-01 6.658023230552716498e+00 -4.370341050864269584e+07
-3.654086325858011408e-01 1.978711478726611905e-01 -8.388116915104576111e+10
-4.403784687338045956e+00 3.629945626705379236e-01 -3.003837646072915649e+11
2.553167685940763043e+00 1.809363881034213861e+00 7.009356101851400375e+09
-1.357301973022990715e-01 7.758582867627131563e+00 -2.026573188036230579e+07
-3.098824420384976852e-01 1.575386867693929493e-01 -1.122207446852127533e+11
-2.449510467005671988e+00 1.896933666761275283e+00 -6.118227602295592308e+09
-4.314692440770789839e-01 1.574315163716476784e-01 -1.564649641812215576e+11
6.430481237526753935e-01 3.174905804349046345e-01 5.733666177750534058e+10
1.061099261118241044e+00 3.042010593935845719e+00 1.030588248730910301e+09
1.748189847758847837e-01 2.552835729638853191e-01 2.410979251313158035e+10
-2.679800443663947984e+00 1.500972802359000102e+00 -1.069073162174248695e+10
2.363815269582532075e-01 1.617535729014534518e-01 8.120006694916687012e+10
-9.677387433642532510e-01 3.450771263326555260e+00 -7.304262983502031565e+08
6.343211015642852280e-01 4.904616863093755885e-01 2.370006861642322540e+10
1.363883650417630822e+00 1.242972941962350447e-01 7.934226464946760254e+11
-3.517617388520173805e+00 3.896611522176595122e-01 -2.082212249187044983e+11
-1.170970965900605565e+00 1.165053446255523983e+00 -7.753629548514565468e+09
-7.099127440633642649e+00 7.598773344191696921e+00 -1.105016110102162600e+09
1.153331248406882281e+00 6.942818551420730344e+00 2.150468309000577629e+08
8.544817091087422156e+00 9.684030548379444880e+00 8.189192641866260767e+08
2.806906515435669269e-01 3.295094669472452331e+00 2.323500518873019516e+08
5.125039892134251041e-01 4.878724911668029240e-01 1.935241669084466171e+10
6.336403838105820752e-01 1.080888443699769691e-01 4.874518460491531372e+11
-5.966482958461087449e+00 2.245140685666066338e-01 -1.063853686127122925e+12
2.063565163913400891e-01 3.775828661886224236e+00 1.300901002623505145e+08
-1.390262662915680014e+00 2.848292082295433847e+00 -1.540204658254567146e+09
-2.484900825688800552e-01 3.516920328390120143e-01 -1.805654350926402283e+10
-2.216702002859222420e-01 2.816153242903066678e-01 -2.512148828324957657e+10
-2.579750061544337392e+00 2.563861412539973905e+00 -3.527273679954484463e+09
-6.505076128302506255e+00 1.243182042988549396e+00 -3.782975642534383392e+10
6.583393945620273691e+00 2.975122714416923220e+00 6.684835038526438713e+09
-7.643426263564876422e-01 1.402820730612693412e+00 -3.490875403733424187e+09
-1.598208796264428244e+00 9.936842507465112329e-01 -1.454746502641044044e+10
1.537606306494642139e+00 2.242117672159799902e-01 2.749026753436024170e+11
6.447788326485744959e-01 7.426838676513350945e-01 1.050638736951819038e+10
1.291015463702920862e-01 2.422329608600875817e-01 1.977495879513147736e+10
-5.893960846359473926e-01 3.600875054510730977e-01 -4.085467503828162384e+10
3.583614289123522312e-01 1.608849477979280795e+00 1.244345696298187971e+09
3.338139037422293676e+00 2.422446378614834916e+00 5.112657436772528648e+09
1.215122171545929275e-01 1.909946839159420429e-01 2.993835989025269318e+10
-3.438588483785495420e+00 1.604584517308171643e+00 -1.200343729117350769e+10
2.558374739666137820e+00 3.859690040706600933e-01 1.543511672713416748e+11
3.472556377470020550e+00 5.945135581668655078e+00 8.830319079962825775e+08
3.783963089107820754e-01 2.032062253181805833e-01 8.236135680196415710e+10
-7.491164573210244093e+00 4.678164574678582155e-01 -3.076443649719360352e+11
-2.955055747507249642e+00 8.140267278655896277e+00 -4.008103863443242311e+08
-1.010782764235167663e+00 1.127776475476829354e+00 -7.142699568213202477e+09
-1.545356708695084791e+00 5.055833428415147379e-01 -5.433677343349776459e+10
8.734955760075049369e-01 3.862967751215751200e+00 5.261010431486363411e+08
-2.366353649711190332e-01 1.544188643414070028e-01 -8.919275119115573120e+10
1.751550919710251064e-01 2.496746564557921211e+00 2.525366782678938508e+08
2.129768995078840543e+00 1.220138749722208038e+00 1.285774116708815956e+10
-7.612572393542802018e+00 5.866620452906991190e+00 -1.987952806007104874e+09
-3.070977872379772045e-01 2.602694042445187428e+00 -4.074563304045921564e+08
4.022864757593029861e-01 8.319886790196867610e-01 5.223375133284847260e+09
6.286593865844077200e+00 8.095524568484344652e-01 8.621365008799557495e+10
-4.093013863587403045e-01 4.742363187554734516e+00 -1.635702104474262297e+08
2.357278000331657630e-01 3.892514407053807579e-01 1.398301952606241989e+10
-2.435721129191261713e+00 6.584859643752506431e-01 -5.048764773949907684e+10
-1.311450499434012318e-01 6.581726708742308141e+00 -2.720964218342537805e+07
4.007719800034207580e+00 3.046188300735976462e+00 3.881811808922620296e+09
1.963743501238252587e-01 2.070105106764815461e-01 4.118609203955805206e+10
1.303921520357850250e-01 2.029549389180890784e-01 2.845134636444568634e+10
5.312962103735168196e-01 1.257587380274252375e-01 3.019332871968840942e+11
8.250569279840100023e+00 1.149777407607558699e-01 5.609278357397947266e+12
1.945416454520852767e+00 7.836481469392044819e-01 2.847219708835841751e+10
-3.015468525801045518e-01 1.020425207687327696e+00 -2.602813563300807953e+09
-1.887944326296435049e+00 1.789754263588384964e+00 -5.297280744226378441e+09
-4.864835032841946294e+00 6.044238875503937791e-01 -1.196838349430278778e+11
1.107743243802110505e-01 1.310377891798466088e+00 5.798245689554644823e+08
-1.147449722271433936e+00 1.297733354542225659e-01 -6.123692144434609375e+11
-4.473686647926723658e+00 3.780625919667758961e+00 -2.813123279825124741e+09
1.904382327894171556e-01 5.536950443227316221e+00 5.582946781247246265e+07
-6.183419137481262595e+00 3.424270882877734401e+00 -4.739615140357255936e+09
2.520812123765688195e+00 1.698569596843949869e-01 7.852797613075089111e+11
-5.059208898348881434e+00 5.381811400404340695e+00 -1.569915516110639095e+09
4.434980746444792565e+00 1.350995171230370273e+00 2.183910134174613571e+10
-2.901297365451928734e+00 7.191752569291041119e-01 -5.041658064828212738e+10
-6.465886810930923101e-01 5.763701135583774615e+00 -1.749346375321234167e+08
-1.151110675560373053e+00 5.311161696374002705e-01 -3.667656487155198669e+10
-4.835243473256436886e+00 2.902385922977812616e+00 -5.158918271254698753e+09
-3.703493339769970971e-01 3.545550537103378641e+00 -2.647858824774720371e+08
-5.703762518980357576e+00 2.267216882978964620e-01 -9.973002306891046143e+11
1.089493263193073436e-01 7.746592532845886225e+00 1.631750452247684076e+07
6.813049248796260393e+00 1.170383853552567910e+00 4.470287996063034821e+10
5.928563070026069859e+00 1.756795806114594738e+00 1.726463856041139221e+10
1.205750748607656408e+00 9.339602587504459708e-01 1.242371170492873001e+10
-5.070989071107101509e+00 4.010784468009411796e-01 -2.833248346716210327e+11
1.183174938012247768e-01 9.608569228697538822e-01 1.151813416993275881e+09
-8.137789938737963524e+00 7.706766424351125799e+00 -1.231438423091098070e+09
-2.028154942306270303e-01 1.848878125940265793e+00 -5.332552990460159183e+08
-1.093533561838093693e+00 2.154844844793381009e-01 -2.116658157426486206e+11
-4.589359562566291961e-01 2.556506536890048142e+00 -6.311155603278417587e+08
2.228146116279413336e-01 1.338309675768525775e+00 1.118101036353002310e+09
1.908797599887074536e+00 1.950719731958855174e+00 4.508382388893149376e+09
1.120201422347526066e+00 5.760798751808261287e+00 3.033760765560685396e+08
-1.119259989231390223e-01 4.176006489669825683e+00 -5.768451793460027128e+07
1.201237828518009643e+00 1.438720980948859918e+00 5.215866469687774658e+09
-4.695698219731401224e-01 1.595715323890523063e+00 -1.657448203229958057e+09
1.023068680309216771e-01 6.980007763568960577e-01 1.887311545144704103e+09
8.560318151913877571e+00 2.797223145630763352e-01 9.833005859272822266e+11
-2.357842801925684462e-01 1.574019272617188103e-01 -8.553529828518777466e+10
2.095925464321017062e-01 5.715016304795562663e-01 5.767551815980528831e+09
1.890647278928277997e-01 1.403405932180908700e+00 8.627689687242771387e+08
2.542655824993410363e+00 2.327280242832394208e+00 4.219304131985965729e+09
-5.384235230341481993e-01 1.571540539536961711e+00 -1.959401637122209311e+09
-2.372250088677688717e-01 7.553783686925036100e+00 -3.736646394960996509e+07
-1.566515798301264306e+00 7.678849857153649872e+00 -2.387773045946626663e+08
2.066239248022929964e-01 8.149085315540968821e+00 2.796491449640240893e+07
3.059724235923398927e-01 1.175794443341573237e+00 1.989161743141649485e+09
3.838626033280424510e-01 6.396465255711080156e-01 8.432305493927259445e+09
3.090359853361574594e+00 2.005296963078324612e-01 6.907203946133542480e+11
6.149960514534162925e+00 1.723042975098201535e-01 1.861790143468096436e+12
-3.380523538130527861e+00 7.203410937793076840e+00 -5.855422006611289978e+08
-3.977862718954044974e-01 1.032191068977993814e-01 -3.355677494875280151e+11
-4.375270671876587691e+00 7.201548417893016696e-01 -7.582349064163311768e+10
-1.358839107567607896e-01 1.814135785552494218e+00 -3.710898495347006917e+08
-8.325489260725702501e-01 1.002387854279422896e-01 -7.447127541435780029e+11
-2.050148919657755475e-01 1.375841251366382856e-01 -9.734180023437884521e+10
-1.609797840500633015e-01 1.758216752457969267e+00 -4.680337069606900811e+08
9.554697878384282861e-01 8.460633681803865214e-01 1.199669986209721184e+10
4.042510559278397753e-01 4.874381444808127739e+00 1.529194606258874536e+08
5.648228347687033191e-01 2.853663052090552599e-01 6.233866248878154755e+10
-1.511713177409149123e-01 2.054526518843862615e+00 -3.218818690994625092e+08
3.897824232531123645e+00 5.794117452841624605e+00 1.043514001074191093e+09
2.099523334844130229e+00 2.749352938587952822e-01 2.496377935205969543e+11
-1.029680357239803667e+00 3.916894787040930748e+00 -6.032109746248434782e+08
-1.205215034362817766e-01 4.531465764295896648e+00 -5.275185700357881188e+07
4.463027394939942383e+00 1.197797378760658005e-01 2.795847340511433594e+12
-2.934875650450867290e+00 2.612727863130984707e-01 -3.864132144361942139e+11
1.947501735228906794e+00 6.974780641184817220e+00 3.598051412525656819e+08
-3.436751944540409553e+00 1.784472062924124192e+00 -9.700168961270708084e+09
2.434428731395093803e-01 5.063901681594884963e+00 8.532516823591424525e+07
2.531712207467303077e+00 3.244091815569493109e-01 2.162114450816401978e+11
3.345951388883155353e+00 5.074263776325026676e+00 1.167949772674191713e+09
-1.717645874600492117e+00 4.871817251884040800e-01 -6.504325563059247589e+10
-1.540815148793450273e+00 1.159135139831668493e+00 -1.030701751745758820e+10
2.847637140263826527e+00 3.569843948275348122e+00 2.008337988805411100e+09
-2.344871047138214593e+00 2.239041084969350504e+00 -4.203833021388269901e+09
9.713018556068332421e-01 1.495020387763100755e-01 3.905805443119801025e+11
1.146910070705268181e+00 8.885740170638648294e+00 1.305547762767152041e+08
-1.748740367925842309e-01 2.291016313446695429e-01 -2.994467407325087357e+10
4.555455237725499984e+00 3.687536456210142033e-01 3.010993075454583130e+11
1.330397769527378316e+00 4.130710310160282117e-01 7.007815335894877625e+10
3.112230792116439382e-01 8.519291773880360852e-01 3.854032997136318207e+09
5.452579948012883371e-01 1.949442181950952202e-01 1.289531461296342468e+11
-6.602498069577841022e+00 8.221113918691667077e-01 -8.780061720472859192e+10
1.750756820597306085e+00 4.193824109770624808e+00 8.946558810758234262e+08
-1.738401779393148994e+00 2.279889313553161434e-01 -3.005891153842603149e+11
1.675400009032742554e-01 4.227805991641224725e-01 8.424401018867048264e+09
1.622906472400738043e+00 7.099211389379078696e-01 2.894169046571899414e+10
-9.707916173440650498e-01 1.949673238618887083e+00 -2.295371446065462589e+09
1.383377918536580209e+00 2.542853359124944701e-01 1.922865136864010315e+11
3.374373813299921032e+00 6.927542330226243550e+00 6.319539519151060581e+08
3.536252899210885925e+00 3.427217924840664232e-01 2.705892218339735718e+11
2.231206805236117252e-01 2.818450904303598570e+00 2.524465826440586448e+08
3.871616986466813071e+00 1.195808143483443886e-01 2.433436352953189453e+12
4.062746968849913820e+00 1.154352523812670617e+00 2.740270779527957535e+10
1.185435676472374328e-01 9.559462037879303153e+00 1.165901083872301318e+07
-3.403601269734500168e+00 9.340861389357629108e+00 -3.506028484922724962e+08
-1.591270261462873759e+00 6.706625081391709209e+00 -3.179702638902022839e+08
5.403380523503632515e-01 2.087062562983289293e+00 1.114923926293252230e+09
3.201489228451275815e-01 3.124987947901790575e-01 2.946496773075324631e+10
5.618574053956287839e-01 5.345155563376804420e-01 1.767486189746591187e+10
4.144610199382801063e+00 5.849494012733515547e+00 1.088673641688555956e+09
2.650094945723327489e-01 4.330777089036939032e+00 1.269931778395676762e+08
3.195381340096326017e+00 1.200247052921803670e+00 1.993572418734622192e+10
-2.959609341860710563e-01 1.617020313675387178e-01 -1.017311739958356476e+11
-4.204375714677836551e-01 2.345360022290899071e-01 -6.869626115671263123e+10
1.226595801285788490e+00 3.877452737144361450e+00 7.332618098167715073e+08
-1.336819344592115488e+00 8.568823430753742088e+00 -1.636367902093259990e+08
8.643584699481435152e+00 1.564881892625642479e+00 3.172352070723857117e+10
5.759193415498979896e+00 2.986584030625444308e-01 5.803136755853553467e+11
3.634774721294846245e+00 9.996952321714072554e+00 3.268834068812694550e+08
-1.679966543452860117e+00 1.430013819137161968e-01 -7.383644566372014160e+11
1.379572398561751401e+00 1.316034532928970213e-01 7.159134873646960449e+11
-1.143850209536707574e+00 7.639607826058862905e-01 -1.761479707947699356e+10
-5.413513583539182328e-01 9.988269509978329186e-01 -4.876961696529828072e+09
-4.155456330782374419e-01 1.273650354893936520e-01 -2.302337032958159180e+11
-2.988396763757221741e+00 4.521250198421546962e-01 -1.313928685220294800e+11
8.319784537902864541e-01 6.599025436586508642e-01 1.717129671682711601e+10
-2.929571742835679338e+00 2.224471793393961172e-01 -5.321094231298371582e+11
-7.660395776438081450e-01 2.674499278348815956e+00 -9.625357224682490826e+08
2.645583502393918929e-01 2.036381800868644620e-01 5.733947045937859344e+10
-1.901428685453837586e-01 5.701446080234167546e+00 -5.257274056009864807e+07
-4.390930143283034992e-01 1.982815606916908502e+00 -1.003789131201560259e+09
-1.767112179382817616e-01 3.951353217637061932e-01 -1.017239067608668137e+10
4.774599155924474370e-01 1.412617841506924043e-01 2.150493632647227783e+11
1.642197343129737086e-01 2.246654924543253884e+00 2.924174055338829756e+08
-7.796183161612193047e+00 2.187428547026442072e+00 -1.464417469109350014e+10
-2.058134865187648821e-01 2.405645313307491762e+00 -3.196400992148548961e+08
-3.888840118170857174e+00 1.556446792973369408e+00 -1.442786761778130722e+10
1.290768938590139969e+00 5.962543958663427013e+00 3.263141724577947855e+08
3.390822239999348842e+00 5.193467279911787582e-01 1.129902167367716675e+11
4.239864245485484573e-01 1.652661371733366469e+00 1.395194697634643316e+09
4.643855167315956156e-01 3.730493896771680085e+00 2.999139158159699440e+08
-1.285320810848808448e-01 6.860996491796859331e+00 -2.454074615194521472e+07
-2.761969710279019719e-01 5.089026070947801905e-01 -9.585177912181859970e+09
3.400395422919453292e+00 1.145981907561965107e-01 2.327150758895860352e+12
-6.279022372177820444e+00 1.085673957438788362e+00 -4.787886075631439972e+10
-9.078501277265741409e-01 2.727432428471263104e-01 -1.096874089534435120e+11
-4.174889879752228250e-01 3.504535195985614138e-01 -3.055165851117857361e+10
7.808834284947328896e+00 2.662961391285150636e+00 9.897080098355880737e+09
-7.871815291667088044e-01 6.633947303219136504e-01 -1.607612885790262604e+10
5.217416433240120721e-01 1.627727539141891333e-01 1.769875418838536377e+11
-1.968439966099631844e-01 1.511207066872773286e+00 -7.746844539838809967e+08
1.655725852989625047e+00 9.096748568060009088e-01 1.798318724229969025e+10
7.337870610157612106e+00 2.390326457282542505e-01 1.154266870631621094e+12
1.261433128226630673e+00 5.028700806379461374e-01 4.483356322866007233e+10
-9.416718434906300450e-01 2.846195723447123571e-01 -1.044769966771944122e+11
-4.930387297369873689e-01 6.728605399141741827e+00 -9.787719950451871753e+07
3.511047211547974722e+00 3.555876393168661664e+00 2.495709175789944172e+09
-9.461110735870523758e-01 5.631471599370567738e-01 -2.681321851706682205e+10
-6.707431892728146217e+00 5.480263718133341122e+00 -2.007261589674627066e+09
3.944830754569173537e-01 6.899203192971565812e-01 7.448710956991908073e+09
-5.020850352835895869e+00 4.840207614086672328e-01 -1.926193507464364014e+11
7.525031199375698421e+00 3.343177516773464308e+00 6.051179672899521828e+09
1.484218645841572926e-01 4.806957481808376009e+00 5.773084842669125646e+07
3.871011469872171484e-01 1.621127567987429963e+00 1.323855835253082514e+09
2.690918046628087978e-01 1.735361949954429828e-01 8.031024450431623840e+10
3.665169891261912394e-01 1.221420523950858428e+00 2.208077447007771969e+09
7.615864997822364701e-01 3.384300122066365990e+00 5.976296227786539793e+08
1.200209562925284246e+00 1.561127736922066911e-01 4.426197831780939941e+11
-4.263356023498007796e-01 2.321731676682994738e+00 -7.108503244705628157e+08
-5.504679829435582539e-01 7.329552254756363183e+00 -9.209324828229768574e+07
3.104703774484905421e-01 9.328858493065078861e+00 3.206371038619765267e+07
-9.112453231656626684e+00 2.957130955371862213e-01 -9.365798624040484619e+11
-2.900287914205272433e+00 2.631064767167933249e-01 -3.765552034219030151e+11
2.546597454391269721e+00 4.936736828663899956e+00 9.391413584542226791e+08
-2.300879336806092912e+00 2.733567829114276759e-01 -2.767481668690842896e+11
6.599814297650397066e+00 2.637755839744571063e-01 8.525368258562539062e+11
-5.191357027313361350e-01 2.659707715807149708e-01 -6.595742461977861786e+10
-3.824772079658027568e+00 9.095090312788961739e+00 -4.155680466701249480e+08
5.312759794949556635e+00 1.917581000468164154e+00 1.298564012424407768e+10
-2.968579069395139158e-01 2.717041888647046655e+00 -3.614153312442798018e+08
-2.905992339203258279e-01 3.176731596921126499e+00 -2.588117790174753368e+08
1.767007116874284578e-01 2.381685857771316250e-01 2.799754564031410217e+10
3.659818906448046416e+00 4.566719552668808135e-01 1.577253612790082092e+11
2.082151911589060767e+00 1.590625706175616549e-01 7.396513200605540771e+11
-7.130366821305321734e-01 1.404162123474914425e+00 -3.250333941860447407e+09
-2.333519117946184496e-01 8.727186205168004918e+00 -2.753680169912426546e+07
-6.371973054819569882e+00 8.214059841733039491e+00 -8.488067488828505278e+08
1.189910703691199195e-01 8.255871416559198650e+00 1.569058547060285695e+07
2.512376772372472367e+00 5.157851760760520321e+00 8.487849602475978136e+08
9.374025769211057124e+00 3.205532072521599662e+00 8.199294930485711098e+09
2.389847066015235444e-01 1.269911079722778391e+00 1.331907620033689737e+09
1.421589177392450221e-01 1.342837605186588013e+00 7.085618036212586164e+08
-3.879345447699938387e-01 7.227024337738940041e+00 -6.675595883499423414e+07
1.878441053916121373e+00 1.272864051330706792e+00 1.042039417198658180e+10
-1.058635221541514571e-01 8.976540915530138776e+00 -1.180807024310058169e+07
5.245232830465947904e-01 2.811421594884422781e+00 5.964354334496841431e+08
3.075040235526054211e+00 3.665628827312362170e-01 2.056858645744403687e+11
-9.607746945759977564e+00 5.615787038875220460e+00 -2.738110141677942276e+09
-1.512688113763622111e+00 1.290175837745585752e-01 -8.167745635592700195e+11
-8.551413216638804604e-01 1.955900919382723702e+00 -2.009068800241293907e+09
-2.801232942886873745e-01 1.802388411704079485e-01 -7.750024411401130676e+10
-6.127550693244631086e-01 8.915616643781058004e-01 -6.928428804970935822e+09
-4.048428986938221175e-01 6.692858264670003443e+00 -8.122952022027023137e+07
1.547035941228274369e+00 3.624751638077701732e-01 1.058265193202832642e+11
-2.758487582514322689e+00 1.363686937205750294e+00 -1.333190747146077156e+10
-6.713347360568392430e-01 1.504627401576164480e+00 -2.665212268983386517e+09
9.474039388692755637e+00 1.367706822624327745e-01 4.551974050777916016e+12
-1.317147461904520700e+00 1.885150419849470904e-01 -3.331140874072020874e+11
1.033825684681240198e-01 1.712964426336209378e+00 3.166658628612580895e+08
-5.835010357185280938e+00 4.936395600028243846e-01 -2.152149004520492249e+11
8.034800720448806999e-01 4.758577790045913636e-01 3.189123822120273590e+10
8.276986728443745944e-01 1.673691225864731180e+00 2.655658325560560226e+09
-7.689079902756868812e+00 1.237298661948970979e+00 -4.514149165420072937e+10
-9.599424908797654865e+00 3.222301863776822373e+00 -8.309279909891160011e+09
-3.120555481641316131e+00 1.184834586857058447e+00 -1.997869331191930389e+10
-1.389443771185796317e+00 7.458546674322910519e+00 -2.244828517777601480e+08
1.883103859461192631e-01 1.837877522884903136e-01 5.010623362298358154e+10
9.110969735299654371e-01 9.594712057179199505e+00 8.895110155102995038e+07
2.545810795380922253e-01 6.573854093509670093e-01 5.294642247563414574e+09
6.632682669759494276e-01 5.425818192252263472e+00 2.024926962815058529e+08
-4.880367339692310846e-01 4.565096966490151953e-01 -2.104762594447459030e+10
1.130491116591759715e+00 1.754015301926434289e-01 3.302562283058103638e+11
-3.434191302223829290e+00 4.117077684123922054e-01 -1.820945630704218140e+11
3.572013071853680888e+00 4.192864201918207634e+00 1.826173617855215311e+09
-7.076012970963574400e-01 2.675093508960030286e-01 -8.887125304205583191e+10
1.094742617534270740e-01 8.962028224893504813e+00 1.225039321107353829e+07
3.138617550891843466e-01 4.031728197255818325e-01 1.735427700116825485e+10
-6.412190551878013345e+00 1.378525012385628301e+00 -3.032688030760252762e+10
1.907021967743668944e-01 1.684839330414182212e+00 6.037947467962650061e+08
1.292845959970203351e+00 7.559805687604533864e-01 2.033181434228059387e+10
-4.426049955559483884e+00 4.290603178230089298e+00 -2.160877908028409958e+09
-1.775754519381559648e-01 8.541211555706159642e-01 -2.187734366471361160e+09
4.786906279808451070e-01 5.717551242400895184e+00 1.316089462677971721e+08
2.892194429843450099e+00 9.299190378450367112e-01 3.005992037300344086e+10
-2.420178408070632892e-01 1.125905577001608648e+00 -1.715908239463398933e+09
7.602433211265753776e+00 4.804018180518129455e+00 2.960696888124232769e+09
1.348234589737796474e-01 2.390080678344644216e+00 2.121245633357332051e+08
2.067820312436794872e+00 6.124661880672855885e-01 4.954492548490538025e+10
9.304128967226109603e-01 1.585072022903216693e-01 3.328345015412805176e+11
-1.936212476322236031e-01 9.225861038232748612e+00 -2.044512710237334669e+07
-4.466758407320602586e+00 4.473849421625711309e-01 -2.005766420576347351e+11
5.800614023885396264e+00 1.089975809240455895e+00 4.388245011509668732e+10
-2.565975311459884001e+00 1.331411996868823722e-01 -1.301002586641385254e+12
-1.784623577705805597e-01 2.699145753033870498e+00 -2.201631198509631157e+08
-1.182914136782851733e+00 1.009734321397068868e+00 -1.042772581839433479e+10
3.701877122887964777e+00 3.750985072768044937e-01 2.364732094152117310e+11
-5.765372015778112313e+00 1.994037346767767449e+00 -1.303200920353281593e+10
-6.449460043648348462e-01 3.373091604622884265e+00 -5.094689297719531059e+08
1.435404074839894129e-01 3.229301136248766912e+00 1.237108247735347301e+08
1.530126922303162440e-01 3.965648595061393999e-01 8.744794725282299042e+09
-3.059783271279553074e-01 1.619592975417816882e+00 -1.048406042419534445e+09
-1.215042077090632416e-01 3.362712821658970785e-01 -9.657447960299062729e+09
-1.095293195306050321e-01 3.693427367271837070e-01 -7.216421340652908325e+09
3.127331339926933684e-01 9.982097096235704736e-01 2.820856122050632000e+09
-3.994566433121490845e-01 2.570528886762860843e+00 -5.433445174267632961e+08
2.842776822210519416e+00 1.737438034020998723e+00 8.463982085735251427e+09
-2.871748052654725658e-01 1.755046765462334180e-01 -8.379528202925874329e+10
-4.747554438008585898e+00 4.191638675229925504e+00 -2.428582683018486500e+09
-1.110035439056469564e-01 8.828358316404978368e+00 -1.280051843943965249e+07
-1.978603679111491154e+00 3.570198537531236727e-01 -1.395162180671779785e+11
-1.861738857405423220e+00 7.794329935714454649e-01 -2.754303603652551270e+10
1.110263567400487095e-01 2.034303793428969276e-01 2.411265816633954239e+10
-1.144297454900439215e+00 1.353075002572692309e-01 -5.617535283392790527e+11
-1.669439526298870657e-01 1.739174765980606052e+00 -4.960607426251671314e+08
-2.113416191325670379e+00 2.335708950432228148e-01 -3.481754926271407471e+11
3.028521576188362374e+00 4.954104345581000324e+00 1.109049655088306665e+09
2.149698126772597306e-01 4.973040317018706524e-01 7.812393969464185715e+09
7.963317297937282824e+00 8.774216075085858879e-01 9.296682269853259277e+10
-4.414230047140768054e-01 8.807556428386880132e-01 -5.114400246397893906e+09
1.131149177853807863e+00 1.173673425900051859e+00 7.380333033532725334e+09
-7.730228152213602932e+00 5.276802073839207630e+00 -2.495176784595062256e+09
2.777996963131407204e-01 1.046533860368473595e-01 2.279690115440706787e+11
-4.375002351606431250e-01 5.582286498500976801e-01 -1.261841089459115028e+10
-3.525357762042034437e+00 7.981768133971133494e+00 -4.973425307520350218e+08
2.477233008783780444e-01 1.372063335369558823e+00 1.182685189586175203e+09
2.261315226253231003e+00 8.974490055382212006e+00 2.523435241747591197e+08
9.287884278851670228e-01 7.650766930433029245e+00 1.426124595779818892e+08
3.330514907187127061e-01 2.068962843077172264e-01 6.992888730778115845e+10
5.354923503088492076e+00 1.366824647924477887e+00 2.576192347619616699e+10
-8.108707720551091569e-01 2.325583302507253425e+00 -1.347530065273214579e+09
-1.261429608934505897e-01 1.325642647939989927e-01 -6.451500035491139984e+10
1.085165968949905746e-01 4.403606759749867372e+00 5.029556887213015556e+07
1.098734042984029546e+00 1.206170308429018040e-01 6.787751465230056152e+11
6.143562906470962481e+00 4.165717993348274084e-01 3.181934207536619263e+11
-8.747792681167619877e-01 1.027248059181190137e-01 -7.450723407494261475e+11
-5.952007265715792972e-01 2.600283217642914146e-01 -7.911753811787866211e+10
-3.235696332073605963e-01 3.283758845150183681e-01 -2.696968436017984772e+10
-3.919482922546390746e+00 1.104463266667378818e+00 -2.887864701478308105e+10
-2.884377863386973218e+00 2.092532395315297444e-01 -5.920500086193739014e+11
-3.965511823562798965e-01 2.679820219956955629e+00 -4.962934552890722156e+08
9.967375219271922049e+00 7.994817971179575267e-01 1.401568298339829407e+11
-3.521694139639056642e-01 2.015194203627933556e-01 -7.794144305932649231e+10
4.409396179558672024e+00 1.636801846342913480e-01 1.479236203121099121e+12
-1.899538328974613166e-01 2.399934585264072717e-01 -2.964147908715183640e+10
1.149937645938094166e-01 2.151422106619905517e+00 2.232922534074425995e+08
7.734993728867072260e-01 4.666181417334656523e+00 3.192914908212168813e+08
-4.115812245131783564e-01 3.371298813760393642e+00 -3.254705349687783718e+08
1.368862531932093285e+00 8.267530707213067487e+00 1.799943286419275701e+08
-2.248035086439485741e-01 2.679728698892811511e+00 -2.813662800245836973e+08
4.357245207446999169e-01 8.032218289527854882e-01 6.070040851353857994e+09
-6.382097369304289280e+00 4.784406735408947009e-01 -2.505866082630195923e+11
2.845051375613511624e+00 6.571919390205111178e+00 5.920471241942853928e+08
-7.301979111578480452e-01 6.323998972182024225e+00 -1.640996380842700005e+08
-6.051849302588204971e+00 4.347710403136436641e-01 -2.877514406012033081e+11
-5.914991975662060586e-01 2.713698789009342249e-01 -7.219074046858493042e+10
-1.336079192216480083e+00 1.407933322952369948e-01 -6.057851778019654541e+11
7.064011294838982380e+00 2.533857726685284195e+00 9.888662419897775650e+09
-6.881644842883757329e-01 1.750437273221777112e-01 -2.018597674547909851e+11
1.168791848734794248e-01 1.807447376475606937e+00 3.215558899515818954e+08
1.282543371874352855e+00 2.906892741399123570e-01 1.364157967893863373e+11
-1.597291345113857508e+00 1.485855060495313795e+00 -6.502522466139413834e+09
-1.169207308019269420e-01 1.381497106476448966e+00 -5.506075729290021658e+08
1.247036813660262755e+00 8.072724734375444910e+00 1.719846174182489812e+08
5.845677775550932598e-01 3.103633721768574993e+00 5.454369646237217188e+08
-4.549376137276172294e+00 2.591017751946497749e-01 -6.090622557510385742e+11
6.552910311472651905e+00 6.533413459977475135e-01 1.379763196188063354e+11
-2.785087164370556589e-01 1.033015126378796084e-01 -2.345719338525572815e+11
1.437202739716646027e+00 1.031796082866561493e-01 1.213335502101062012e+12
2.313018563043100606e+00 3.654906812482633938e-01 1.556241956175206604e+11
-3.437811546969476773e+00 1.667462324957669217e+00 -1.111272645223980522e+10
2.302474550852758872e-01 7.261095562130656766e+00 3.925013474795098603e+07
-2.671816789790392832e+00 7.659220158444358439e+00 -4.093437715147228837e+08
9.730012365029205412e+00 7.898337624091080755e-01 1.401821194859311829e+11
-6.080785266630678310e-01 1.254895459059824636e-01 -3.470525102650882568e+11
-1.637008088176476472e-01 1.712055425087610105e+00 -5.019561772646905780e+08
2.345034439168379725e-01 1.401970723304257760e-01 1.072313946281902161e+11
-3.279960010696762462e-01 6.041075083203336638e-01 -8.077755434058423996e+09
-1.378939159167600792e+00 3.057071731275978754e-01 -1.326125007625667572e+11
-1.847111370822167808e+00 2.678144528701472016e+00 -2.314598563744151592e+09
8.610600207793538630e+00 2.532611711159787893e-01 1.206554161970739746e+12
6.874409730576919175e-01 8.762115757106952785e+00 8.047631077641752362e+07
-4.213845700473325406e-01 1.603528647204879531e+00 -1.472908610819230318e+09
-4.769448793976853729e+00 5.936898244303064232e+00 -1.216184874956860781e+09
1.118036860039924724e-01 1.081033341097084460e-01 8.598616166997363281e+10
-2.053359284926067119e+00 3.012171285345991989e-01 -2.034024765536127930e+11
