1.342744262695312500e+03 3.956310749053955078e-01 -1.027163676917552948e-02 7.083413004875183105e-02
1.490906616210937500e+03 4.730564355850219727e-01 -1.957160681486129761e-01 2.855442619323730469e+01
5.655528564453125000e+02 -2.191254794597625732e-01 8.548726141452789307e-02 2.066550493240356445e+00
4.243012207031250000e+03 1.329998821020126343e-01 -8.047758936882019043e-01 1.374023681640625000e+03
2.545179901123046875e+02 -1.087564229965209961e+00 2.145027220249176025e-01 5.855366706848144531e+00
1.009107421875000000e+03 -8.837297558784484863e-01 -7.412099093198776245e-02 2.771978378295898438e+00
6.541668457031250000e+03 5.356013774871826172e+00 7.892645895481109619e-02 2.037528800964355469e+01
4.533097839355468750e+02 -2.319462448358535767e-01 1.204416528344154358e-01 3.287899255752563477e+00
1.644711547851562500e+03 -2.746588230133056641e+00 -6.847961544990539551e-01 3.856402587890625000e+02
7.358249511718750000e+02 2.066992759704589844e+00 7.238743901252746582e-01 1.927839813232421875e+02
2.518055664062500000e+03 8.792994499206542969e+00 2.572140283882617950e-02 8.329609036445617676e-01
8.616151367187500000e+03 -2.534169435501098633e+00 -1.347412019968032837e-01 7.821393585205078125e+01
1.147123901367187500e+03 -2.003142386674880981e-01 2.509556710720062256e-02 3.612221181392669678e-01
2.882065734863281250e+02 -3.906506776809692383e+00 -1.049863472580909729e-01 1.588325738906860352e+00
4.158850097656250000e+03 5.817047119140625000e+00 -2.779488451778888702e-02 1.606471419334411621e+00
1.992400970458984375e+02 -2.485753148794174194e-01 -2.719347551465034485e-02 7.366754859685897827e-02
3.934969238281250000e+03 3.932933568954467773e+00 6.281610131263732910e-01 7.763423461914062500e+02
1.015883026123046875e+02 1.966998100280761719e+00 1.540991961956024170e-01 1.206186413764953613e+00
8.013795166015625000e+02 4.570854008197784424e-01 8.088766932487487793e-01 2.621639099121093750e+02
2.826351074218750000e+03 2.086250543594360352e+00 2.993094325065612793e-01 1.266009216308593750e+02
3.278835449218750000e+02 -3.257119178771972656e+00 5.597019791603088379e-01 5.135744094848632812e+01
7.136387939453125000e+02 -1.080973297357559204e-01 -1.907885819673538208e-01 1.298832607269287109e+01
1.171385650634765625e+02 -1.362654715776443481e-01 -8.944673091173171997e-02 4.685962796211242676e-01
2.840523193359375000e+03 -1.457040071487426758e+00 1.619357243180274963e-02 3.724377751350402832e-01
1.221756744384765625e+02 -4.002098143100738525e-01 -8.881164789199829102e-01 4.818308258056640625e+01
6.450673828125000000e+03 8.817921876907348633e-01 2.058243565261363983e-02 1.366371035575866699e+00
8.864273681640625000e+02 4.025987982749938965e-01 -7.119023799896240234e-02 2.246228933334350586e+00
1.452596588134765625e+02 2.756090641021728516e+00 2.436705082654953003e-01 4.312419414520263672e+00
2.690388793945312500e+02 5.498039722442626953e-01 6.921567767858505249e-02 6.444571614265441895e-01
2.460165771484375000e+03 -5.239978313446044922e+00 1.047167088836431503e-02 1.348858475685119629e-01
1.368804443359375000e+03 -4.223473370075225830e-01 5.774596929550170898e-01 2.282205352783203125e+02
1.392226074218750000e+03 -3.150908231735229492e+00 7.482160627841949463e-02 3.897030591964721680e+00
9.328580932617187500e+02 7.854580879211425781e+00 2.349564619362354279e-02 2.574900090694427490e-01
2.037289886474609375e+02 6.167065501213073730e-01 -3.967762291431427002e-01 1.603666877746582031e+01
1.012464141845703125e+02 -1.646664142608642578e+00 -5.802366882562637329e-02 1.704354882240295410e-01
1.638487243652343750e+02 3.138728141784667969e+00 -1.663835160434246063e-02 2.267950959503650665e-02
1.569851531982421875e+02 2.057422637939453125e+00 2.278297394514083862e-02 4.074266180396080017e-02
7.719093261718750000e+03 -3.566311597824096680e+00 -9.996484518051147461e-01 3.856833740234375000e+03
3.793097534179687500e+02 7.232281684875488281e+00 4.649680480360984802e-02 4.100249111652374268e-01
9.897137695312500000e+03 -1.315906524658203125e+00 -1.297934353351593018e-01 8.336526489257812500e+01
6.723410644531250000e+02 -5.525105595588684082e-01 -3.112791180610656738e-01 3.257313919067382812e+01
2.502478271484375000e+03 1.099899932742118835e-01 -9.847577661275863647e-02 1.213386440277099609e+01
2.363006439208984375e+02 -4.447089672088623047e+00 -1.097315829247236252e-02 1.422650367021560669e-02
4.118273315429687500e+02 -1.631614863872528076e-01 3.271331638097763062e-02 2.203608006238937378e-01
2.246900177001953125e+02 -8.585018157958984375e+00 -6.090420484542846680e-01 4.167238616943359375e+01
1.292782104492187500e+03 4.561265110969543457e-01 -5.721344351768493652e-01 2.115882263183593750e+02
2.573496704101562500e+02 1.441020250320434570e+00 -1.803901940584182739e-01 4.187159061431884766e+00
1.468902832031250000e+03 3.347983956336975098e-01 6.433372944593429565e-02 3.039768457412719727e+00
5.350336425781250000e+03 -9.219110608100891113e-01 -5.732131376862525940e-02 8.789889335632324219e+00
1.562260742187500000e+03 -5.209901928901672363e-01 6.370258331298828125e-01 3.169842224121093750e+02
5.022006225585937500e+02 -3.466071784496307373e-01 -1.559569127857685089e-02 6.107402220368385315e-02
1.994735260009765625e+02 -4.820136070251464844e+00 -4.911787807941436768e-02 2.406215071678161621e-01
5.110335998535156250e+02 2.043118029832839966e-01 -2.150612697005271912e-02 1.181799769401550293e-01
2.134978179931640625e+02 -6.111288547515869141e+00 -5.431272387504577637e-01 3.148956108093261719e+01
1.987402832031250000e+03 2.592170000076293945e+00 9.258040189743041992e-01 8.517144775390625000e+02
9.994271240234375000e+02 1.355133652687072754e-01 4.186620935797691345e-02 8.758875727653503418e-01
4.539004821777343750e+02 -3.076637983322143555e+00 -9.111636132001876831e-02 1.884184241294860840e+00
1.952200012207031250e+02 4.578377902507781982e-01 1.091031916439533234e-02 1.161901187151670456e-02
8.166851562500000000e+03 6.163963317871093750e+00 5.456024408340454102e-01 1.215562377929687500e+03
4.260875549316406250e+02 -6.413984775543212891e+00 1.150879785418510437e-01 2.821816682815551758e+00
1.440428466796875000e+02 -1.287381201982498169e-01 -3.473462164402008057e-02 8.689340949058532715e-02
1.769964599609375000e+03 4.104576587677001953e+00 -2.568747289478778839e-02 5.839522480964660645e-01
1.582468994140625000e+03 2.777127742767333984e+00 1.878898739814758301e-01 2.793263626098632812e+01
5.268257446289062500e+02 2.927379608154296875e-01 -2.663753330707550049e-01 1.869067764282226562e+01
1.287944580078125000e+03 -8.886373519897460938e+00 -1.146421022713184357e-02 8.463606238365173340e-02
2.232435058593750000e+03 -4.127697467803955078e+00 8.270019888877868652e-01 7.634172973632812500e+02
6.909747070312500000e+03 -1.586329191923141479e-01 -7.571655511856079102e-01 1.980677734375000000e+03
6.659333496093750000e+03 -3.681499958038330078e-01 -4.081809148192405701e-02 5.547612667083740234e+00
2.071620483398437500e+02 -1.419956207275390625e+00 -6.032276153564453125e-02 3.769142925739288330e-01
5.870361938476562500e+02 -4.109976589679718018e-01 1.109723746776580811e-02 3.614636510610580444e-02
2.669942871093750000e+03 1.334645599126815796e-01 -5.472860932350158691e-01 3.998533630371093750e+02
2.763833496093750000e+03 -1.960366129875183105e+00 -6.677858531475067139e-02 6.162490844726562500e+00
1.979464843750000000e+03 4.786957502365112305e-01 1.124225780367851257e-01 1.250906562805175781e+01
1.876588256835937500e+03 -2.318094074726104736e-01 3.090542182326316833e-02 8.962070941925048828e-01
6.585555175781250000e+03 2.478552609682083130e-01 8.294817805290222168e-01 2.265562744140625000e+03
3.268734741210937500e+02 -1.194546937942504883e+00 5.847102403640747070e-01 5.587674331665039062e+01
1.220930297851562500e+03 1.063946112990379333e-01 -1.056157276034355164e-01 6.809545040130615234e+00
9.353900146484375000e+02 -1.082768216729164124e-01 -1.262257900089025497e-02 7.451761513948440552e-02
8.746251953125000000e+03 -3.550380229949951172e+00 -3.996802866458892822e-02 6.985820293426513672e+00
1.024127563476562500e+03 -7.310206890106201172e-01 -5.421917438507080078e-01 1.505323486328125000e+02
2.371648437500000000e+03 -7.064137458801269531e+00 -1.305975168943405151e-01 2.022507286071777344e+01
9.380647583007812500e+02 -2.793754339218139648e-01 6.514490395784378052e-02 1.990506768226623535e+00
2.723414306640625000e+03 3.114274144172668457e-01 2.633753716945648193e-01 9.445697021484375000e+01
3.835993347167968750e+02 1.550567746162414551e-01 -1.001004129648208618e-02 1.921850442886352539e-02
6.224698486328125000e+02 2.340038120746612549e-01 -2.256707288324832916e-02 1.585034877061843872e-01
4.103947753906250000e+03 6.969342231750488281e-01 8.124376833438873291e-02 1.354415416717529297e+01
4.754374084472656250e+02 -1.479372978210449219e+00 2.440667599439620972e-01 1.416056728363037109e+01
3.967040100097656250e+02 2.304029017686843872e-01 -4.836848378181457520e-02 4.640465378761291504e-01
5.624698242187500000e+03 2.801293432712554932e-01 -1.190976724028587341e-01 3.989107894897460938e+01
1.129905151367187500e+03 -3.310192584991455078e+00 -7.833384275436401367e-01 3.466656494140625000e+02
3.345258483886718750e+02 -2.104283869266510010e-01 1.495839376002550125e-02 3.742567077279090881e-02
1.114124298095703125e+02 1.578473567962646484e+00 2.065099216997623444e-02 2.375666610896587372e-02
1.834783782958984375e+02 9.854561686515808105e-01 3.078059107065200806e-02 8.691781014204025269e-02
4.765932617187500000e+03 1.163667887449264526e-01 2.886506542563438416e-02 1.985468387603759766e+00
3.862512207031250000e+02 -4.982811808586120605e-01 -3.347216546535491943e-01 2.163751983642578125e+01
1.169049316406250000e+03 1.627728581428527832e+00 1.944517716765403748e-02 2.210174798965454102e-01
3.178993835449218750e+02 1.917225718498229980e-01 1.833701282739639282e-01 5.344620227813720703e+00
1.081023101806640625e+02 -5.246772170066833496e-01 -3.901664614677429199e-01 8.228199958801269531e+00
6.212727050781250000e+02 5.406578779220581055e-01 8.336009830236434937e-02 2.158582925796508789e+00
6.961055175781250000e+03 6.955755352973937988e-01 -3.596124947071075439e-01 4.501058044433593750e+02
2.035574340820312500e+03 1.346608251333236694e-01 1.513909548521041870e-01 2.332689094543457031e+01
8.513936523437500000e+03 -2.650627851486206055e+00 2.013411000370979309e-02 1.725700020790100098e+00
1.272917480468750000e+03 -3.183746814727783203e+00 2.564291059970855713e-01 4.185090255737304688e+01
1.096237792968750000e+03 -2.247346162796020508e+00 5.006403475999832153e-02 1.373809456825256348e+00
1.474484619140625000e+03 -2.057157039642333984e+00 -5.537519231438636780e-02 2.260688781738281250e+00
2.006702728271484375e+02 -8.437979698181152344e+00 9.426569938659667969e-01 8.915802764892578125e+01
3.269780761718750000e+03 4.087986648082733154e-01 -9.445909857749938965e-01 1.458734252929687500e+03
6.892375488281250000e+03 -4.045573472976684570e-01 -1.974212937057018280e-02 1.343157529830932617e+00
4.417972412109375000e+02 -4.757966995239257812e+00 -1.421805471181869507e-02 4.465533792972564697e-02
3.965498352050781250e+02 -2.117743045091629028e-01 8.861310482025146484e-01 1.556910705566406250e+02
3.296161132812500000e+03 -5.701364040374755859e+00 -1.478412151336669922e-01 3.602213668823242188e+01
6.251635742187500000e+02 2.397470951080322266e+00 6.524195522069931030e-02 1.330508351325988770e+00
4.977108154296875000e+02 5.358769297599792480e-01 5.649270415306091309e-01 7.942035675048828125e+01
1.982508697509765625e+02 8.271158337593078613e-01 -3.719673305749893188e-02 1.371496468782424927e-01
4.979841003417968750e+02 -1.858177185058593750e+00 1.056563034653663635e-01 2.779561758041381836e+00
4.021587219238281250e+02 2.150046229362487793e-01 4.358881413936614990e-01 3.820477294921875000e+01
7.041597656250000000e+03 2.536381006240844727e+00 -1.802775263786315918e-01 1.144259033203125000e+02
9.000165405273437500e+02 -2.647197008132934570e+00 6.477119922637939453e-01 1.887923431396484375e+02
2.303372192382812500e+02 -3.260300159454345703e-01 4.768733307719230652e-02 2.619028389453887939e-01
1.027894210815429688e+02 -7.074188709259033203e+00 -5.828023552894592285e-01 1.745665550231933594e+01
2.907020019531250000e+03 -1.869971901178359985e-01 -1.043461635708808899e-01 1.582599353790283203e+01
8.114814941406250000e+03 -1.855577677488327026e-01 1.467388123273849487e-01 8.736522674560546875e+01
1.900187255859375000e+03 -8.650627136230468750e+00 -1.132988929748535156e-02 1.219600811600685120e-01
9.759271240234375000e+02 5.105680465698242188e+00 6.983330845832824707e-02 2.379647731781005859e+00
4.354587890625000000e+03 -2.585570216178894043e-01 6.002734601497650146e-02 7.845404148101806641e+00
2.683240966796875000e+02 -3.216397166252136230e-01 -6.168594956398010254e-01 5.105075454711914062e+01
1.239004287719726562e+02 -5.624471902847290039e-01 2.839637398719787598e-01 4.995380878448486328e+00
1.561075683593750000e+03 -2.329766750335693359e-01 3.604401275515556335e-02 1.014052033424377441e+00
6.561843750000000000e+03 -4.005487442016601562e+00 -3.564610779285430908e-01 4.168887023925781250e+02
5.275551269531250000e+03 2.972033023834228516e-01 -8.976066112518310547e-02 2.125249671936035156e+01
3.169888000488281250e+02 -1.370557993650436401e-01 5.033720731735229492e-01 4.015985870361328125e+01
1.501578735351562500e+03 -7.011803627014160156e+00 4.993574917316436768e-01 1.872152557373046875e+02
1.096052246093750000e+03 2.107719421386718750e+00 1.405041962862014771e-01 1.081881904602050781e+01
1.120323028564453125e+02 -1.807183623313903809e+00 5.913484692573547363e-01 1.958845710754394531e+01
7.503379516601562500e+02 -9.130197525024414062e+00 6.311884522438049316e-02 1.494668722152709961e+00
2.304852142333984375e+02 2.445381402969360352e+00 1.630312949419021606e-01 3.063056707382202148e+00
1.129570770263671875e+02 1.402777731418609619e-01 1.168703567236661911e-02 7.714223116636276245e-03
1.847201660156250000e+03 6.782331466674804688e-01 -2.266790568828582764e-01 4.745774459838867188e+01
2.122036437988281250e+02 1.569819301366806030e-01 -1.472937967628240585e-02 2.301928214728832245e-02
5.198159179687500000e+03 -2.522929668426513672e+00 -6.673218309879302979e-02 1.157418155670166016e+01
1.922911224365234375e+02 -6.305579662322998047e+00 -2.499975413084030151e-01 6.008979320526123047e+00
1.102181884765625000e+03 -2.829413115978240967e-01 5.357539653778076172e-01 1.581809082031250000e+02
7.580971679687500000e+02 4.631947994232177734e+00 -1.309487782418727875e-02 6.499766558408737183e-02
3.048181457519531250e+02 -3.167145252227783203e+00 -3.856251761317253113e-02 2.266425937414169312e-01
7.558188476562500000e+02 3.535975933074951172e+00 -1.686521768569946289e-01 1.074908828735351562e+01
2.765596435546875000e+03 -5.133512973785400391e+00 1.919691823422908783e-02 5.095910429954528809e-01
9.503871093750000000e+03 1.664340496063232422e+00 4.367684572935104370e-02 9.065110206604003906e+00
5.918263671875000000e+03 1.562743782997131348e-01 2.816105261445045471e-02 2.346724271774291992e+00
9.062359375000000000e+03 -1.376720309257507324e+00 1.545368321239948273e-02 1.082119703292846680e+00
3.973737792968750000e+02 7.410450935363769531e+00 1.251489110291004181e-02 3.111883811652660370e-02
7.316362915039062500e+02 3.415845632553100586e+00 7.082498073577880859e-02 1.835008978843688965e+00
1.041166625976562500e+03 1.282015591859817505e-01 9.097564220428466797e-02 4.308642864227294922e+00
6.918918945312500000e+03 4.249876499176025391e+00 2.736713290214538574e-01 2.590996704101562500e+02
9.772214843750000000e+03 -2.397969514131546021e-01 8.805684447288513184e-01 3.788691650390625000e+03
3.169333496093750000e+02 -1.113901287317276001e-01 8.526571840047836304e-02 1.152091145515441895e+00
3.782981933593750000e+03 -1.186272501945495605e+00 -4.465929418802261353e-02 3.772488832473754883e+00
6.926116333007812500e+02 7.461202740669250488e-01 -2.657664380967617035e-02 2.446020394563674927e-01
1.479868408203125000e+03 8.494054675102233887e-01 -1.282203346490859985e-01 1.216485404968261719e+01
3.861492004394531250e+02 -9.408112764358520508e-01 6.513955444097518921e-02 8.192468285560607910e-01
4.434496582031250000e+03 1.821677684783935547e-01 -4.312182962894439697e-02 4.122955799102783203e+00
1.208410034179687500e+03 -2.705443620681762695e+00 2.728432416915893555e-01 4.497909545898437500e+01
2.892230224609375000e+02 -7.765715122222900391e-01 -4.946435615420341492e-02 3.538242578506469727e-01
9.867816406250000000e+03 6.724797248840332031e+00 -3.796959519386291504e-01 7.113167114257812500e+02
1.822062377929687500e+02 9.224477767944335938e+00 -8.610191941261291504e-02 6.753966808319091797e-01
3.884418640136718750e+02 2.842413187026977539e-01 8.228690028190612793e-01 1.315095977783203125e+02
6.972333984375000000e+02 6.473966121673583984e+00 -2.175206504762172699e-02 1.649488210678100586e-01
1.836450805664062500e+03 -5.237854123115539551e-01 -1.309743709862232208e-02 1.575150042772293091e-01
9.387391357421875000e+02 1.501968979835510254e+00 -2.230810560286045074e-02 2.335825264453887939e-01
8.377817382812500000e+02 -5.229371190071105957e-01 -5.371945723891258240e-02 1.208827018737792969e+00
1.425954223632812500e+03 1.197909116744995117e+00 3.634180128574371338e-01 9.416477203369140625e+01
5.953112792968750000e+02 2.905338704586029053e-01 -3.410828411579132080e-01 3.462851715087890625e+01
2.477139892578125000e+03 1.274405568838119507e-01 -4.118787869811058044e-02 2.101161241531372070e+00
4.878320800781250000e+03 -1.954629540443420410e+00 5.576385259628295898e-01 7.584830322265625000e+02
1.185351562500000000e+02 2.053698301315307617e-01 -4.923595115542411804e-02 1.436752080917358398e-01
2.413846923828125000e+03 -1.050930619239807129e-01 1.192999165505170822e-02 1.717750281095504761e-01
1.785051879882812500e+03 5.062916755676269531e+00 -1.669244281947612762e-02 2.486913502216339111e-01
5.270501708984375000e+02 -3.801568150520324707e-01 1.706188470125198364e-01 7.671423435211181641e+00
1.324611511230468750e+02 -2.444084882736206055e+00 -1.852072030305862427e-01 2.271821737289428711e+00
1.722491912841796875e+02 6.616523265838623047e-01 -6.819228082895278931e-02 4.004954993724822998e-01
7.891707031250000000e+03 8.967129707336425781e+00 -3.860490024089813232e-02 5.880657196044921875e+00
6.862278808593750000e+03 2.884043931961059570e+00 -1.492400746792554855e-02 7.642040252685546875e-01
3.275116699218750000e+03 -3.982305765151977539e+00 -3.577457666397094727e-01 2.095780334472656250e+02
5.878057250976562500e+02 -1.501666456460952759e-01 -1.123401001095771790e-01 3.709141731262207031e+00
1.535958251953125000e+02 -9.092469215393066406e+00 2.976251840591430664e-01 6.802816390991210938e+00
1.725628204345703125e+02 5.699770450592041016e-01 7.431232929229736328e-02 4.764737784862518311e-01
1.739398071289062500e+03 5.975682735443115234e+00 -5.455476641654968262e-01 2.588418273925781250e+02
2.774429016113281250e+02 -3.592319965362548828e+00 -4.059303700923919678e-01 2.285844802856445312e+01
8.868728515625000000e+03 -4.397596359252929688e+00 -9.351978302001953125e-01 3.878272949218750000e+03
2.279958648681640625e+02 -2.145873606204986572e-01 -9.735812246799468994e-02 1.080541133880615234e+00
3.822596740722656250e+02 4.557144165039062500e+00 -1.960038691759109497e-01 7.342733383178710938e+00
8.259443359375000000e+02 -4.662603735923767090e-01 2.461151592433452606e-02 2.501482665538787842e-01
3.127789306640625000e+02 -3.393924236297607422e-01 3.968050703406333923e-02 2.462418824434280396e-01
1.146146850585937500e+02 1.439647823572158813e-01 1.105971634387969971e-01 7.009680867195129395e-01
5.020496520996093750e+02 1.148654893040657043e-01 2.791523374617099762e-02 1.956136822700500488e-01
2.597653076171875000e+03 1.624394357204437256e-01 -1.419032178819179535e-02 2.615385055541992188e-01
7.439256591796875000e+02 4.545926451683044434e-01 -7.969129085540771484e-02 2.362224817276000977e+00
2.983515380859375000e+03 3.304631114006042480e-01 -7.442481815814971924e-02 8.262926101684570312e+00
2.633705810546875000e+03 4.243540465831756592e-01 2.157698199152946472e-02 6.130821704864501953e-01
7.201840820312500000e+02 2.536224603652954102e+00 6.487672775983810425e-02 1.515623688697814941e+00
4.684150390625000000e+02 -6.193348407745361328e+00 -4.076075255870819092e-01 3.891215133666992188e+01
1.397385711669921875e+02 2.280876934528350830e-01 -1.190835833549499512e-01 9.908092617988586426e-01
7.322527343750000000e+03 -3.547014713287353516e+00 -2.085924893617630005e-01 1.593046264648437500e+02
1.338134399414062500e+03 -2.141938209533691406e-01 -9.283826947212219238e-01 5.766653442382812500e+02
3.285333251953125000e+02 -1.256082653999328613e-01 -1.488412320613861084e-01 3.639116287231445312e+00
4.465363769531250000e+03 -3.137475848197937012e-01 -6.582600623369216919e-02 9.674352645874023438e+00
1.822915191650390625e+02 -1.418710589408874512e+00 -1.478930376470088959e-02 1.993571966886520386e-02
2.321710357666015625e+02 3.028496801853179932e-01 -7.549928873777389526e-02 6.617040038108825684e-01
2.624004394531250000e+03 5.232598185539245605e-01 3.693657740950584412e-02 1.789978623390197754e+00
9.459846801757812500e+02 -1.010914206504821777e+00 -3.128390610218048096e-01 4.629094696044921875e+01
2.139486572265625000e+03 -1.476035416126251221e-01 -1.258427947759628296e-01 1.694089317321777344e+01
4.190804687500000000e+03 5.579083919525146484e+00 -8.812392503023147583e-02 1.627252769470214844e+01
1.036429824829101562e+02 -4.648185372352600098e-01 -1.404057070612907410e-02 1.021596509963274002e-02
6.271763183593750000e+03 -1.646801084280014038e-01 -2.818633615970611572e-01 2.491362152099609375e+02
1.120833618164062500e+03 -8.112926483154296875e-01 8.947449177503585815e-02 4.486520290374755859e+00
2.475788574218750000e+02 -4.742487370967864990e-01 -2.955250255763530731e-02 1.081115454435348511e-01
1.127630310058593750e+02 -5.453929901123046875e+00 -1.060047186911106110e-02 6.335590966045856476e-03
6.877795410156250000e+02 -1.595212668180465698e-01 -1.821571215987205505e-02 1.141068041324615479e-01
3.665467224121093750e+02 2.058749437332153320e+00 -2.911941409111022949e-01 1.554048633575439453e+01
1.328904052734375000e+03 5.666978836059570312e+00 2.938769012689590454e-02 5.738449096679687500e-01
1.550227294921875000e+03 -6.435376405715942383e-01 -1.411583367735147476e-02 1.544466316699981689e-01
1.108702392578125000e+02 -1.050311565399169922e+00 1.305767297744750977e-01 9.451845884323120117e-01
5.904734375000000000e+03 3.169068574905395508e+00 2.925246357917785645e-01 2.526360168457031250e+02
2.565097351074218750e+02 2.028352022171020508e+00 -9.613236784934997559e-02 1.185258507728576660e+00
2.719346679687500000e+03 5.775055885314941406e-01 -2.182815782725811005e-02 6.478415131568908691e-01
4.947323242187500000e+03 -2.372548580169677734e+00 8.590654283761978149e-02 1.825545692443847656e+01
2.612536621093750000e+03 3.767812728881835938e+00 -7.451669126749038696e-02 7.253365039825439453e+00
1.099614624023437500e+03 8.895808458328247070e-01 -3.310728818178176880e-02 6.026396751403808594e-01
2.482183380126953125e+02 -4.275367736816406250e+00 -7.390165328979492188e-01 6.778165435791015625e+01
1.860053955078125000e+03 -5.381862163543701172e+00 1.445312239229679108e-02 1.942758709192276001e-01
1.522195312500000000e+03 7.319966316223144531e+00 1.042265594005584717e-01 8.267938613891601562e+00
1.054507080078125000e+03 -1.729286193847656250e+00 8.206567764282226562e-01 3.550934143066406250e+02
5.816253906250000000e+03 -1.010901257395744324e-01 4.770503640174865723e-01 6.618229980468750000e+02
6.529031372070312500e+02 -2.287024259567260742e+00 -9.573553502559661865e-02 2.992023944854736328e+00
1.969230590820312500e+03 -7.180251479148864746e-01 -1.116708572953939438e-02 1.227852702140808105e-01
5.774860351562500000e+03 1.334249377250671387e+00 -5.511343479156494141e-01 8.770543212890625000e+02
2.152043914794921875e+02 -3.846690654754638672e-01 6.712365746498107910e-01 4.848108673095703125e+01
1.111664657592773438e+02 -8.283538818359375000e+00 -1.582765877246856689e-01 1.392442226409912109e+00
1.274413696289062500e+03 -2.299523830413818359e+00 6.215462088584899902e-02 2.461655616760253906e+00
7.208473632812500000e+03 -1.041859835386276245e-01 3.994004055857658386e-02 5.749503135681152344e+00
1.839280517578125000e+03 -1.939273625612258911e-01 6.459853649139404297e-01 3.837631835937500000e+02
2.042484008789062500e+03 -5.738984942436218262e-01 -1.169368717819452286e-02 1.396470069885253906e-01
2.593745727539062500e+02 -4.771890342235565186e-01 -6.148684024810791016e-02 4.902998507022857666e-01
3.822095703125000000e+03 3.763382673263549805e+00 3.662107288837432861e-01 2.562911987304687500e+02
3.064130249023437500e+02 4.810760617256164551e-01 -2.612429857254028320e-01 1.045602321624755859e+01
6.513391723632812500e+02 -4.556609690189361572e-01 -1.688816100358963013e-01 9.288422584533691406e+00
6.612420898437500000e+03 -8.929205536842346191e-01 2.800871804356575012e-02 2.593683242797851562e+00
1.273872299194335938e+02 3.501870036125183105e-01 6.698660254478454590e-01 2.858063316345214844e+01
8.523661132812500000e+03 7.632337212562561035e-01 5.269789695739746094e-02 1.183539485931396484e+01
3.816029296875000000e+03 -3.165375709533691406e+00 2.507673576474189758e-02 1.199840903282165527e+00
1.272296981811523438e+02 -1.696911305189132690e-01 4.525364637374877930e-01 1.302763748168945312e+01
1.528106445312500000e+03 6.912176609039306641e+00 -9.349619150161743164e-01 6.679000244140625000e+02
1.722152557373046875e+02 -2.269670963287353516e-01 4.944189637899398804e-02 2.104901969432830811e-01
4.348929687500000000e+03 -5.982054471969604492e-01 5.296139046549797058e-02 6.099175930023193359e+00
6.337414550781250000e+03 -3.781183004379272461e+00 4.997470378875732422e-01 7.913755493164062500e+02
9.805592773437500000e+03 -8.027901649475097656e+00 -9.849035739898681641e-02 4.755884552001953125e+01
3.662528076171875000e+02 -1.840664982795715332e+00 -2.639325261116027832e-01 1.275665569305419922e+01
1.019921264648437500e+03 9.037807464599609375e+00 1.089728530496358871e-02 6.055824458599090576e-02
7.433679199218750000e+02 -8.611720085144042969e+00 4.294873178005218506e-01 6.856058502197265625e+01
5.570246582031250000e+02 2.816658318042755127e-01 -6.631717085838317871e-01 1.224888153076171875e+02
2.225489746093750000e+03 -1.271792292594909668e+00 1.209603808820247650e-02 1.628103107213973999e-01
4.360132141113281250e+02 1.578304618597030640e-01 -1.306511163711547852e-01 3.721310377120971680e+00
1.981777343750000000e+02 1.664534330368041992e+00 -4.682723432779312134e-02 2.172810584306716919e-01
8.423567504882812500e+02 -1.778165400028228760e-01 -3.077265433967113495e-02 3.988374769687652588e-01
4.381959960937500000e+03 -1.612426757812500000e+00 -5.126795768737792969e-01 5.758778686523437500e+02
1.183917846679687500e+02 -2.584507763385772705e-01 -3.431051373481750488e-01 6.968607425689697266e+00
1.243850952148437500e+03 5.263106822967529297e-01 -1.548054814338684082e-02 1.490428000688552856e-01
1.240847045898437500e+03 4.126407146453857422e+00 1.499835681170225143e-02 1.395647227764129639e-01
2.992373046875000000e+02 2.518371343612670898e-01 3.781586140394210815e-02 2.139605283737182617e-01
1.507545166015625000e+03 4.058346748352050781e-01 -5.172400921583175659e-02 2.016623020172119141e+00
8.050090332031250000e+02 9.011518478393554688e+00 4.753750190138816833e-02 9.095853567123413086e-01
8.655900268554687500e+02 5.923765301704406738e-01 8.506831526756286621e-01 3.131972045898437500e+02
4.658434753417968750e+02 9.829143881797790527e-01 -6.342491507530212402e-02 9.369789361953735352e-01
3.845111999511718750e+02 1.059881374239921570e-01 -5.226728916168212891e-01 5.252172088623046875e+01
4.599562988281250000e+02 -3.305755257606506348e-01 -2.078853398561477661e-01 9.938808441162109375e+00
1.788074798583984375e+02 -3.223796486854553223e-01 6.908180713653564453e-01 4.266611099243164062e+01
6.880216674804687500e+02 -3.179590106010437012e-01 -1.274681836366653442e-01 5.589536190032958984e+00
3.503577148437500000e+03 -1.068058162927627563e-01 1.856760308146476746e-02 6.039393544197082520e-01
1.138020874023437500e+03 1.943573594093322754e+00 1.057743802666664124e-01 6.366213321685791016e+00
1.323163330078125000e+03 6.442952632904052734e+00 6.155430898070335388e-02 2.506688594818115234e+00
2.072768249511718750e+02 3.399158239364624023e+00 5.461549758911132812e-02 3.091380894184112549e-01
1.719745361328125000e+03 -5.519980192184448242e-01 4.574263840913772583e-02 1.799188137054443359e+00
4.800385253906250000e+03 5.382351398468017578e+00 -8.700892329216003418e-02 1.817078590393066406e+01
2.149866943359375000e+03 -7.645108222961425781e+00 -2.071362547576427460e-02 4.612048566341400146e-01
3.298645324707031250e+02 1.758405566215515137e+00 7.889022231101989746e-01 1.026483459472656250e+02
1.542709960937500000e+02 -1.387257874011993408e-01 7.536879926919937134e-02 4.381648302078247070e-01
1.824104003906250000e+03 7.335959672927856445e-01 1.141869369894266129e-02 1.189193278551101685e-01
1.598076904296875000e+03 1.140514373779296875e+00 -1.025971472263336182e-01 8.410818099975585938e+00
7.663576049804687500e+02 2.115549892187118530e-01 9.994439035654067993e-02 3.827527523040771484e+00
5.930305664062500000e+03 2.405691623687744141e+00 -1.644101925194263458e-02 8.015018701553344727e-01
9.909638671875000000e+03 -1.683121919631958008e+00 1.855501532554626465e-02 1.705887794494628906e+00
1.024254272460937500e+03 -2.137003183364868164e+00 9.254409074783325195e-01 4.386065979003906250e+02
3.185413208007812500e+02 1.791657060384750366e-01 -1.703042350709438324e-02 4.619411379098892212e-02
9.978059082031250000e+02 -3.005465567111968994e-01 -4.561484977602958679e-02 1.038074612617492676e+00
5.154928710937500000e+03 -1.317572712898254395e+00 1.153152342885732651e-02 3.427410125732421875e-01
1.029371215820312500e+03 -1.305827975273132324e+00 -1.487430091947317123e-02 1.138715371489524841e-01
3.402239990234375000e+02 -2.744019329547882080e-01 -2.777445316314697266e-01 1.312278556823730469e+01
1.017805603027343750e+03 6.321058273315429688e-01 -4.705239534378051758e-01 1.126674041748046875e+02
4.630713867187500000e+03 -1.117810904979705811e-01 -4.011085256934165955e-02 3.725132465362548828e+00
4.001873474121093750e+02 -1.098602414131164551e-01 7.733616232872009277e-01 1.196736602783203125e+02
6.080442504882812500e+02 3.795164823532104492e+00 1.061304099857807159e-02 3.424403071403503418e-02
3.170595092773437500e+02 -3.337934613227844238e-01 6.393352746963500977e-01 6.479897308349609375e+01
6.462035644531250000e+03 -6.002037525177001953e-01 8.273629099130630493e-02 2.211726760864257812e+01
9.134859619140625000e+02 2.856426954269409180e+00 2.839781641960144043e-01 3.683339309692382812e+01
1.847216949462890625e+02 -1.152305126190185547e+00 9.534320235252380371e-02 8.395903110504150391e-01
1.037699707031250000e+03 8.348244667053222656e+00 -3.572124242782592773e-01 6.620561218261718750e+01
1.165249145507812500e+03 -1.878704547882080078e+00 1.752364486455917358e-01 1.789112663269042969e+01
5.471814941406250000e+03 8.181816935539245605e-01 -4.233084022998809814e-01 4.902472534179687500e+02
1.646316680908203125e+02 -4.214923381805419922e+00 -2.244312167167663574e-01 4.146196842193603516e+00
4.264625488281250000e+03 1.435165703296661377e-01 -5.561960488557815552e-02 6.596395492553710938e+00
4.063613586425781250e+02 -5.502626895904541016e+00 4.107918143272399902e-01 3.428672027587890625e+01
3.888625000000000000e+03 2.420202255249023438e+00 -7.997779846191406250e-01 1.243669433593750000e+03
4.523818359375000000e+02 -1.774225831031799316e-01 -4.723388701677322388e-02 5.046409964561462402e-01
1.349978942871093750e+02 -4.673759937286376953e-01 -4.597825407981872559e-01 1.426927566528320312e+01
8.957190429687500000e+03 4.785215854644775391e+00 -1.063573639839887619e-02 5.066137909889221191e-01
1.150518646240234375e+02 -4.417091369628906250e+00 -1.989953368902206421e-01 2.277977705001831055e+00
1.447221527099609375e+02 1.425225138664245605e+00 -1.428413577377796173e-02 1.476430241018533707e-02
3.192468261718750000e+02 -1.261275410652160645e-01 -1.393552310764789581e-02 3.099867887794971466e-02
5.290107421875000000e+02 -2.494865655899047852e-01 -5.511029958724975586e-01 8.033412170410156250e+01
1.359443115234375000e+03 -6.640522956848144531e+00 2.157146111130714417e-02 3.162934184074401855e-01
1.947586517333984375e+02 1.328876852989196777e+00 -3.349989056587219238e-01 1.092832469940185547e+01
5.363675292968750000e+03 -5.256599426269531250e+00 1.849979907274246216e-01 9.178390502929687500e+01
1.187026214599609375e+02 1.059874296188354492e+00 2.017378211021423340e-01 2.415488243103027344e+00
4.045146484375000000e+03 1.122068166732788086e+00 8.420419692993164062e-02 1.434074687957763672e+01
2.440675048828125000e+03 2.938688993453979492e-01 6.713023781776428223e-01 5.499413452148437500e+02
1.560693817138671875e+02 1.476372927427291870e-01 -5.522619485855102539e-01 2.380005455017089844e+01
1.855456909179687500e+03 3.264450073242187500e+00 1.072627753019332886e-01 1.067379665374755859e+01
3.485979309082031250e+02 8.774756431579589844e+00 4.722315967082977295e-01 3.886913681030273438e+01
5.753565429687500000e+03 -3.873127400875091553e-01 6.475441455841064453e-01 1.206273559570312500e+03
2.531889801025390625e+02 -4.820844650268554688e+00 -1.947095058858394623e-02 4.799424484372138977e-02
3.129246826171875000e+03 -2.702258229255676270e-01 7.534017413854598999e-02 8.881023406982421875e+00
5.511870727539062500e+02 -2.889440655708312988e-01 1.711388863623142242e-02 8.071725815534591675e-02
3.744351501464843750e+02 -1.812364459037780762e-01 3.632193058729171753e-02 2.469929009675979614e-01
3.610250244140625000e+03 -3.659564852714538574e-01 1.331845223903656006e-01 3.201951980590820312e+01
7.449218139648437500e+02 5.759747028350830078e-01 -2.025919221341609955e-02 1.528709381818771362e-01
2.685091857910156250e+02 2.463853597640991211e+00 -1.101303100585937500e-02 1.628331653773784637e-02
8.360560546875000000e+03 -3.435771942138671875e+00 -4.630819261074066162e-01 8.964396362304687500e+02
1.935816192626953125e+02 -3.340576291084289551e-01 9.187834709882736206e-02 8.170722126960754395e-01
6.820799804687500000e+03 -2.852732419967651367e+00 -2.683174610137939453e-01 2.455292053222656250e+02
8.317425781250000000e+03 -6.036544799804687500e+00 6.355433166027069092e-02 1.679767799377441406e+01
5.746852416992187500e+02 -7.360415458679199219e+00 -5.072816610336303711e-01 7.394321441650390625e+01
2.301778411865234375e+02 -4.969696700572967529e-01 9.997673034667968750e-01 1.150353775024414062e+02
2.458890228271484375e+02 5.287118911743164062e+00 2.433961257338523865e-02 7.283439487218856812e-02
3.191155517578125000e+03 -1.047182679176330566e-01 2.704042755067348480e-02 1.166661977767944336e+00
4.862676086425781250e+02 -8.028813004493713379e-01 -2.668040990829467773e-02 1.730734109878540039e-01
5.187880859375000000e+03 2.244418114423751831e-01 -1.961462013423442841e-02 9.979752302169799805e-01
9.177369140625000000e+03 5.298676013946533203e+00 -2.258559688925743103e-02 2.340730190277099609e+00
1.913143310546875000e+03 7.849949002265930176e-01 -4.161662235856056213e-02 1.656727910041809082e+00
7.941777832031250000e+03 -3.499759435653686523e-01 -9.253819584846496582e-01 3.400398193359375000e+03
1.194640258789062500e+03 -1.185128837823867798e-01 -1.859906315803527832e-01 2.066280555725097656e+01
3.466417968750000000e+03 1.998119711875915527e+00 3.508689254522323608e-02 2.133736610412597656e+00
3.486961914062500000e+03 -3.689799308776855469e-01 -5.761962756514549255e-02 5.788393974304199219e+00
6.198239746093750000e+02 -1.109414026141166687e-01 -4.009940326213836670e-01 4.983267593383789062e+01
2.103020751953125000e+03 -1.724684834480285645e+00 -1.635957956314086914e-01 2.814218711853027344e+01
1.827435180664062500e+03 4.491170942783355713e-01 1.893190480768680573e-02 3.274919092655181885e-01
8.216588134765625000e+02 -2.914916276931762695e-01 -3.346102684736251831e-02 4.599811434745788574e-01
5.274851074218750000e+03 1.513974815607070923e-01 -5.321660637855529785e-01 7.469207763671875000e+02
2.424229003906250000e+03 -1.299918413162231445e+00 1.400282513350248337e-02 2.376703470945358276e-01
2.988656921386718750e+02 7.518876075744628906e+00 2.956821024417877197e-01 1.306460094451904297e+01
5.952366210937500000e+03 3.303059637546539307e-01 -5.160233378410339355e-01 7.924982910156250000e+02
2.930010986328125000e+03 5.877500057220458984e+00 -1.744539290666580200e-02 4.458622634410858154e-01
1.151212081909179688e+02 -1.441559642553329468e-01 -1.988905966281890869e-01 2.276951789855957031e+00
6.495546264648437500e+02 1.659595966339111328e-01 1.525822561234235764e-02 7.561252266168594360e-02
2.798591796875000000e+03 -6.229577064514160156e-01 -1.439535617828369141e-01 2.899708938598632812e+01
1.570033813476562500e+03 -6.674715280532836914e-01 2.546167746186256409e-02 5.089240670204162598e-01
1.290569702148437500e+03 -1.127156019210815430e+00 2.888879179954528809e-01 5.385303497314453125e+01
3.932392822265625000e+03 -1.476853340864181519e-01 1.251788157969713211e-02 3.080978095531463623e-01
4.674853210449218750e+02 3.012760877609252930e-01 1.064127683639526367e-02 2.646826580166816711e-02
1.302130615234375000e+03 5.640475749969482422e-01 6.753807067871093750e-01 2.969763488769531250e+02
4.255190917968750000e+03 -5.952715873718261719e-01 4.674272984266281128e-02 4.648547172546386719e+00
2.884492187500000000e+02 1.517031937837600708e-01 7.726112604141235352e-01 8.609173583984375000e+01
9.625847778320312500e+02 1.522602736949920654e-01 2.586358189582824707e-01 3.219483947753906250e+01
2.743128662109375000e+03 3.021371126174926758e+00 -7.054644823074340820e-02 6.826003551483154297e+00
2.613645935058593750e+02 -4.133145809173583984e+00 -1.384427398443222046e-01 2.504708290100097656e+00
5.569628906250000000e+03 6.443648934364318848e-01 6.845902204513549805e-01 1.305141601562500000e+03
2.835043029785156250e+02 9.933046698570251465e-01 -1.666829288005828857e-01 3.938327789306640625e+00
1.675303833007812500e+03 -4.902616500854492188e+00 -1.792687028646469116e-01 2.691984558105468750e+01
2.658574951171875000e+03 -1.095570996403694153e-01 3.076414465904235840e-01 1.258080825805664062e+02
2.053751373291015625e+02 6.383203268051147461e-01 3.489767387509346008e-02 1.250578165054321289e-01
3.720908691406250000e+03 -1.857461184263229370e-01 2.275654524564743042e-01 9.634555816650390625e+01
1.676856842041015625e+02 5.876474976539611816e-01 9.585496783256530762e-01 7.703627014160156250e+01
4.013415771484375000e+03 -1.624695062637329102e-01 5.999238491058349609e-01 7.222315063476562500e+02
4.277210937500000000e+03 -1.216867446899414062e+00 -1.863867416977882385e-02 7.429519295692443848e-01
2.592775634765625000e+03 -1.557189524173736572e-01 9.446654319763183594e-01 1.156887084960937500e+03
1.835049804687500000e+03 -1.045835092663764954e-01 7.270523309707641602e-01 4.850083312988281250e+02
1.452669677734375000e+02 -4.519561529159545898e-01 1.082887314260005951e-02 8.517327718436717987e-03
7.204152832031250000e+02 5.468678474426269531e+00 -2.230116873979568481e-01 1.791464233398437500e+01
8.768656616210937500e+02 -1.657526046037673950e-01 1.396949682384729385e-02 8.555877953767776489e-02
1.384993408203125000e+03 -1.295203685760498047e+00 1.044510006904602051e-01 7.555146694183349609e+00
1.724484375000000000e+03 1.728843003511428833e-01 1.872550398111343384e-01 3.023404693603515625e+01
1.238207550048828125e+02 2.610693216323852539e+00 7.324898242950439453e-02 3.321748077869415283e-01
4.702527832031250000e+03 9.062241554260253906e+00 2.235179543495178223e-01 1.174697875976562500e+02
8.614460937500000000e+03 -8.378060460090637207e-01 1.065115109086036682e-01 4.886424636840820312e+01
3.524653930664062500e+02 -5.868201732635498047e+00 -5.105418339371681213e-02 4.593557417392730713e-01
1.978255615234375000e+02 -1.530608057975769043e+00 6.187212839722633362e-02 3.786539733409881592e-01
3.067572631835937500e+02 2.312263488769531250e+00 4.272788390517234802e-02 2.800190746784210205e-01
5.469039916992187500e+02 8.325355529785156250e+00 -1.306592021137475967e-02 4.668324813246726990e-02
4.826765136718750000e+03 -8.542162775993347168e-01 2.733816020190715790e-02 1.803701877593994141e+00
2.247470550537109375e+02 -2.695723474025726318e-01 3.792250156402587891e-02 1.616061925888061523e-01
1.070695678710937500e+03 -7.461298108100891113e-01 -2.652827203273773193e-01 3.767505645751953125e+01
1.939509399414062500e+03 -2.196870326995849609e+00 1.287273783236742020e-02 1.606954932212829590e-01
2.262277099609375000e+03 -1.509126901626586914e+00 -2.775650620460510254e-01 8.714558410644531250e+01
2.029607849121093750e+02 2.907604217529296875e+00 -1.837585568428039551e-01 3.426709651947021484e+00
6.590476074218750000e+02 -4.015879034996032715e-01 -5.762738585472106934e-01 1.094320755004882812e+02
1.025952636718750000e+03 -9.497762680053710938e+00 -2.834585309028625488e-02 4.121699929237365723e-01
2.750913330078125000e+03 3.912395536899566650e-01 2.902974486351013184e-01 1.159133071899414062e+02
1.034480361938476562e+02 -2.522436380386352539e+00 -1.105126291513442993e-01 6.317075490951538086e-01
3.096137695312500000e+03 1.528585076332092285e+00 4.993747770786285400e-01 3.860499267578125000e+02
1.903905944824218750e+02 -1.264195740222930908e-01 3.714634478092193604e-02 1.313553154468536377e-01
5.073486328125000000e+02 2.516489028930664062e+00 -2.609829306602478027e-01 1.727828788757324219e+01
2.571903808593750000e+03 -2.128580331802368164e+00 -5.538083612918853760e-02 3.944061994552612305e+00
1.929241485595703125e+02 3.275579512119293213e-01 -1.083662286400794983e-01 1.132777214050292969e+00
9.691486328125000000e+03 -3.743294239044189453e+00 3.985075950622558594e-01 7.695441894531250000e+02
2.198507324218750000e+03 -1.241828501224517822e-01 5.753367766737937927e-02 3.638665914535522461e+00
7.186385253906250000e+03 -3.479158163070678711e+00 -1.570567116141319275e-02 8.863260746002197266e-01
5.297244873046875000e+02 8.014384269714355469e+00 -1.699637770652770996e-01 7.651257991790771484e+00
2.764945312500000000e+03 3.231562077999114990e-01 4.208836704492568970e-02 2.448954582214355469e+00
6.051406250000000000e+02 -1.685550808906555176e+00 -9.305984973907470703e-01 2.620299987792968750e+02
2.386632568359375000e+03 -1.564761996269226074e+00 1.524955779314041138e-01 2.775045394897460938e+01
6.114493652343750000e+03 -1.304257661104202271e-01 -3.104706294834613800e-02 2.946941852569580078e+00
3.502085876464843750e+02 7.298600077629089355e-01 9.627764672040939331e-02 1.623109102249145508e+00
4.107678222656250000e+02 -1.299804449081420898e+00 -1.248319260776042938e-02 3.200499340891838074e-02
1.906715087890625000e+03 -1.013352751731872559e+00 1.067638117820024490e-02 1.086685582995414734e-01
2.514967956542968750e+02 -5.536171197891235352e-01 3.314802795648574829e-02 1.381713002920150757e-01
8.256251953125000000e+03 -9.881881713867187500e+00 -3.311965242028236389e-02 4.528188228607177734e+00
2.572665710449218750e+02 -4.262732028961181641e+00 -5.253566503524780273e-01 3.550273895263671875e+01
6.283497924804687500e+02 1.136711761355400085e-01 -2.632574923336505890e-02 2.177373617887496948e-01
2.694487060546875000e+03 -3.605771064758300781e-01 -2.048721164464950562e-01 5.654729080200195312e+01
2.230386230468750000e+03 1.817347258329391479e-01 7.736586332321166992e-01 6.674961547851562500e+02
1.820790710449218750e+02 6.071199178695678711e-01 3.607134521007537842e-02 1.184553578495979309e-01
4.521394531250000000e+03 -2.009863555431365967e-01 -3.799515590071678162e-02 3.263614654541015625e+00
2.355751037597656250e+02 2.239273041486740112e-01 3.409675955772399902e-01 1.369385051727294922e+01
2.705448608398437500e+02 3.778721332550048828e+00 -6.984484940767288208e-02 6.598998904228210449e-01
2.104278320312500000e+03 -2.440526634454727173e-01 2.093330323696136475e-01 4.610507202148437500e+01
1.146486511230468750e+02 -5.550535678863525391e+00 -3.835484981536865234e-01 8.432950019836425781e+00
2.182168579101562500e+02 -9.688117980957031250e+00 -3.935336321592330933e-02 1.689748317003250122e-01
1.850584960937500000e+03 5.233574867248535156e+00 3.846841156482696533e-01 1.369265136718750000e+02
5.350270996093750000e+03 2.661727666854858398e-01 -2.573478594422340393e-02 1.771686434745788574e+00
3.681444702148437500e+02 1.635478854179382324e+00 1.574706286191940308e-01 4.564439296722412109e+00
2.039498596191406250e+02 4.040137290954589844e+00 5.699914097785949707e-01 3.313066101074218750e+01
4.251189270019531250e+02 1.189625114202499390e-01 -9.943147897720336914e-01 2.101494445800781250e+02
1.354220947265625000e+03 7.061886310577392578e+00 -1.946304589509963989e-01 2.564963150024414062e+01
1.610935424804687500e+03 3.126124382019042969e+00 2.140484154224395752e-01 3.690389251708984375e+01
3.785790710449218750e+02 -7.435441017150878906e-01 9.531788527965545654e-02 1.719789862632751465e+00
8.700687866210937500e+02 5.130977630615234375e-01 5.699899047613143921e-02 1.413376569747924805e+00
1.104369140625000000e+03 5.052434921264648438e+00 1.000848785042762756e-02 5.531223490834236145e-02
3.498357238769531250e+02 -1.183944344520568848e+00 -2.873399853706359863e-02 1.444196403026580811e-01
5.484201660156250000e+02 -2.971527576446533203e+00 -1.777411550283432007e-01 8.662823677062988281e+00
3.768776245117187500e+02 -6.341857433319091797e+00 1.383870933204889297e-02 3.608789667487144470e-02
1.977593994140625000e+03 1.790831089019775391e+00 1.356721576303243637e-02 1.820072084665298462e-01
1.966624389648437500e+03 -1.582268476486206055e-01 1.256166677922010422e-02 1.551622003316879272e-01
9.142100585937500000e+03 1.094237118959426880e-01 -7.139728218317031860e-02 2.330125999450683594e+01
5.385770507812500000e+03 -1.340869069099426270e-01 -6.899666786193847656e-01 1.281958862304687500e+03
8.328079833984375000e+02 1.853422373533248901e-01 -7.608140259981155396e-02 2.410304307937622070e+00
4.286029785156250000e+03 1.325762569904327393e-01 -3.913349285721778870e-02 3.281877756118774414e+00
5.569050903320312500e+02 3.084697484970092773e+00 1.037087105214595795e-02 2.994895726442337036e-02
3.074741210937500000e+03 -2.176452875137329102e+00 2.132707238197326660e-01 6.992638397216796875e+01
3.069442626953125000e+03 3.591266572475433350e-01 -2.812173217535018921e-02 1.213706493377685547e+00
1.753019531250000000e+03 -2.355214357376098633e-01 1.021900996565818787e-01 9.153230667114257812e+00
7.202996215820312500e+02 -7.662037849426269531e+00 -3.117865920066833496e-01 3.501047897338867188e+01
6.783917236328125000e+02 -1.081467866897583008e+00 4.974997788667678833e-02 8.395302295684814453e-01
1.187564468383789062e+02 3.146521151065826416e-01 -2.814033627510070801e-01 4.702033996582031250e+00
1.308236938476562500e+03 7.020696640014648438e+00 7.640336155891418457e-01 3.818399353027343750e+02
5.691144042968750000e+03 -4.784005284309387207e-01 2.098495140671730042e-02 1.253099322319030762e+00
5.879500000000000000e+03 3.515893459320068359e+00 2.799756824970245361e-02 2.304363727569580078e+00
2.390230224609375000e+03 -1.437479734420776367e+00 -2.031561918556690216e-02 4.932531416416168213e-01
5.445483398437500000e+02 -3.688231408596038818e-01 1.257256865501403809e-01 4.303823947906494141e+00
2.129454101562500000e+03 -4.469495296478271484e+00 1.786827109754085541e-02 3.399408757686614990e-01
2.230542144775390625e+02 6.948787569999694824e-01 -4.229267239570617676e-01 1.994852066040039062e+01
4.366180664062500000e+03 2.934866845607757568e-01 1.142334192991256714e-01 2.848774719238281250e+01
2.389012603759765625e+02 -4.843625426292419434e-01 1.739583462476730347e-01 3.614755868911743164e+00
7.028695068359375000e+02 3.604464828968048096e-01 -1.679120212793350220e-02 9.908507764339447021e-02
4.753667297363281250e+02 -5.851777195930480957e-01 -1.226754207164049149e-02 3.576958179473876953e-02
1.745455017089843750e+02 -1.317128688097000122e-01 -8.642413467168807983e-02 6.518515944480895996e-01
1.738493896484375000e+03 -3.689393699169158936e-01 -1.197441760450601578e-02 1.246384307742118835e-01
8.317698364257812500e+02 6.885155439376831055e-01 2.823993936181068420e-02 3.316657841205596924e-01
2.581506042480468750e+02 -1.107251644134521484e+00 -1.113722752779722214e-02 1.601022295653820038e-02
3.605459716796875000e+03 2.337563037872314453e+00 2.691014111042022705e-02 1.305457115173339844e+00
2.169933471679687500e+02 3.065513372421264648e-01 -7.486612200736999512e-01 6.081169891357421875e+01
6.951009521484375000e+02 2.077133804559707642e-01 5.027334094047546387e-01 8.784020233154296875e+01
1.664511718750000000e+03 -2.153503447771072388e-01 1.287387497723102570e-02 1.379353106021881104e-01
4.935951538085937500e+02 -8.075132966041564941e-01 1.008738763630390167e-02 2.511298283934593201e-02
2.476802978515625000e+03 8.270055770874023438e+00 -1.846600919961929321e-01 4.222868347167968750e+01
7.088495483398437500e+02 -2.853451967239379883e-01 -7.175229489803314209e-02 1.824717402458190918e+00
5.856370239257812500e+02 -8.273176550865173340e-01 -1.729037985205650330e-02 8.754021674394607544e-02
6.925353393554687500e+02 -6.014875411987304688e+00 -1.404961571097373962e-02 6.835035979747772217e-02
6.654789062500000000e+03 2.370226621627807617e+00 -2.892507016658782959e-01 2.783897094726562500e+02
1.435286254882812500e+02 -4.022554874420166016e+00 3.356523215770721436e-01 8.085145950317382812e+00
2.466066406250000000e+03 -1.940837502479553223e-01 -3.939035832881927490e-01 1.913174743652343750e+02
1.478256072998046875e+02 -6.531397819519042969e+00 -4.498255625367164612e-02 1.495573967695236206e-01
1.127105484008789062e+02 -5.276374220848083496e-01 1.691855117678642273e-02 1.613098569214344025e-02
4.077509033203125000e+03 6.009807109832763672e+00 -8.074748516082763672e-01 1.329299804687500000e+03
1.462039184570312500e+02 1.778379380702972412e-01 -2.665816545486450195e-01 5.195047855377197266e+00
3.435788574218750000e+02 1.380199640989303589e-01 4.005610346794128418e-01 2.756346321105957031e+01
7.795441894531250000e+03 3.466012179851531982e-01 -6.859192252159118652e-02 1.833819961547851562e+01
7.321875610351562500e+02 2.966806411743164062e+00 -3.153529167175292969e-01 3.640709686279296875e+01
6.497020996093750000e+03 1.016761660575866699e+00 -9.620925188064575195e-01 3.006892822265625000e+03
3.471361328125000000e+03 3.713051080703735352e+00 9.256101846694946289e-01 1.487051635742187500e+03
1.534243774414062500e+02 -2.586334705352783203e+00 7.256371974945068359e-01 4.039275741577148438e+01
5.768133300781250000e+03 5.141869783401489258e-01 -8.132811784744262695e-01 1.907597290039062500e+03
5.555143432617187500e+02 4.135164618492126465e-01 -3.123125620186328888e-02 2.709219157695770264e-01
8.006868164062500000e+03 -2.459716796875000000e+00 9.581524878740310669e-02 3.675377273559570312e+01
6.190650634765625000e+02 -2.996132373809814453e-01 5.178036689758300781e-01 8.299206542968750000e+01
2.125085144042968750e+02 6.947213649749755859e+00 -6.511387228965759277e-02 4.504984915256500244e-01
1.123473739624023438e+02 -1.043387278914451599e-01 -2.106104604899883270e-02 2.491682954132556915e-02
4.805703735351562500e+02 4.320307731628417969e+00 -5.556381344795227051e-01 7.418415069580078125e+01
1.640859985351562500e+02 1.478178054094314575e-01 1.264857873320579529e-02 1.312577724456787109e-02
1.765214355468750000e+03 1.445627331733703613e+00 -1.453497260808944702e-02 1.864643841981887817e-01
2.262194580078125000e+03 3.973542749881744385e-01 2.693036198616027832e-01 8.203219604492187500e+01
1.252711669921875000e+03 6.356087923049926758e-01 5.251742899417877197e-02 1.727539777755737305e+00
1.449892822265625000e+03 6.300426959991455078e+00 -5.082236602902412415e-02 1.872473239898681641e+00
1.551761962890625000e+03 7.001672387123107910e-01 8.600986003875732422e-01 5.739732055664062500e+02
6.632555541992187500e+02 -3.779676854610443115e-01 8.023355156183242798e-02 2.134828090667724609e+00
5.723262329101562500e+02 8.965573310852050781e+00 3.018964529037475586e-01 2.608132934570312500e+01
2.243257324218750000e+03 1.674715161323547363e+00 1.091156341135501862e-02 1.335435807704925537e-01
3.035092041015625000e+03 6.355208396911621094e+00 3.729856312274932861e-01 2.111183929443359375e+02
3.089533386230468750e+02 2.625258207321166992e+00 1.926750242710113525e-01 5.734740257263183594e+00
1.644839782714843750e+02 -4.942248344421386719e+00 -2.478124499320983887e-01 5.050563812255859375e+00
2.567262451171875000e+03 -7.062944889068603516e+00 -2.005488425493240356e-01 5.162744522094726562e+01
2.663880615234375000e+02 1.349413692951202393e-01 2.550027370452880859e-01 8.661128997802734375e+00
8.390056640625000000e+03 -3.193841278553009033e-01 6.853527575731277466e-02 1.970440101623535156e+01
3.441027343750000000e+03 2.615861892700195312e+00 2.438819222152233124e-02 1.023333907127380371e+00
1.163983688354492188e+02 2.150739431381225586e-01 8.014608025550842285e-01 3.738362503051757812e+01
2.215063476562500000e+03 4.754884541034698486e-01 9.719296544790267944e-02 1.046226787567138672e+01
3.067188415527343750e+02 2.109908610582351685e-01 2.539475634694099426e-02 9.890051186084747314e-02
4.759585266113281250e+02 3.089771866798400879e-01 -3.184096887707710266e-02 2.412746101617813110e-01
3.654444274902343750e+02 4.044732153415679932e-01 -5.158108845353126526e-02 4.861523509025573730e-01
1.285302978515625000e+03 6.799712777137756348e-01 -1.895366162061691284e-01 2.308669471740722656e+01
1.585841522216796875e+02 2.270502567291259766e+00 -6.742823719978332520e-01 3.605067825317382812e+01
1.182536926269531250e+02 3.880056381225585938e+00 1.107571553438901901e-02 7.253177929669618607e-03
2.642543945312500000e+02 6.510478973388671875e+00 5.201463028788566589e-02 3.574730157852172852e-01
1.399223632812500000e+02 4.983569681644439697e-01 3.553088009357452393e-01 8.832202911376953125e+00
1.474060180664062500e+03 -6.395935058593750000e+00 -3.457269072532653809e-02 8.809506893157958984e-01
5.126300659179687500e+02 4.090073108673095703e+00 -2.485191971063613892e-01 1.583047485351562500e+01
4.035137329101562500e+02 1.117907285690307617e+00 -1.263292282819747925e-01 3.219852685928344727e+00
5.489652343750000000e+03 -5.508162975311279297e-01 1.238359697163105011e-02 4.209286272525787354e-01
8.201808471679687500e+02 -3.397931456565856934e-01 -4.893441125750541687e-02 9.819928407669067383e-01
5.600424804687500000e+02 2.179813534021377563e-01 -4.451333582401275635e-01 5.548444747924804688e+01
1.319994506835937500e+02 1.749660968780517578e+00 4.265265464782714844e-01 1.200699329376220703e+01
2.518331787109375000e+03 2.404402494430541992e-01 1.944580376148223877e-01 4.761400985717773438e+01
4.935837402343750000e+03 1.245422214269638062e-01 -1.274056639522314072e-02 4.005975723266601562e-01
1.031411865234375000e+03 -2.931268930435180664e+00 -1.314524002373218536e-02 8.911261707544326782e-02
1.646009399414062500e+03 -4.209111630916595459e-01 1.500274334102869034e-02 1.852438002824783325e-01
2.269472656250000000e+02 -4.734931945800781250e+00 -3.720159828662872314e-02 1.570428311824798584e-01
3.128585815429687500e+02 -5.920107364654541016e+00 -3.679780364036560059e-01 2.118175315856933594e+01
7.600618286132812500e+02 1.860108375549316406e+00 -1.297250688076019287e-01 6.395385742187500000e+00
5.575662231445312500e+02 3.332909047603607178e-01 -4.754716753959655762e-01 6.302541732788085938e+01
3.398171997070312500e+02 -8.444994688034057617e-01 3.310183435678482056e-02 1.861741989850997925e-01
8.640859985351562500e+02 -9.957309961318969727e-01 2.658513784408569336e-01 3.053548049926757812e+01
3.133121582031250000e+03 4.544655084609985352e-01 -4.073207974433898926e-01 2.599084777832031250e+02
4.910367431640625000e+02 6.625989913940429688e+00 -4.626066386699676514e-01 5.254213333129882812e+01
6.953851318359375000e+02 -6.048669815063476562e-01 4.950554668903350830e-01 8.521245574951171875e+01
2.678215820312500000e+03 -3.239243924617767334e-01 1.666982471942901611e-02 3.721154332160949707e-01
2.723895751953125000e+03 -5.200863838195800781e+00 -1.912079751491546631e-01 4.979347991943359375e+01
9.290714111328125000e+02 6.788210868835449219e+00 2.839934229850769043e-01 3.746585083007812500e+01
4.519566040039062500e+02 -5.398205280303955078e+00 -4.875111579895019531e-02 5.370761752128601074e-01
1.467301513671875000e+03 -6.264181733131408691e-01 1.376449763774871826e-01 1.389984893798828125e+01
6.935075683593750000e+03 -5.915481567382812500e+00 -2.339529544115066528e-01 1.897921600341796875e+02
1.929819793701171875e+02 5.340202450752258301e-01 2.071524411439895630e-01 4.140634536743164062e+00
6.538701171875000000e+02 -9.123298525810241699e-01 2.711842581629753113e-02 2.404310107231140137e-01
8.133819580078125000e+02 -6.698958873748779297e-01 1.700022220611572266e-01 1.175367546081542969e+01
1.029767227172851562e+02 1.020545601844787598e+00 2.447179555892944336e-01 3.083477258682250977e+00
8.220456542968750000e+02 3.296751737594604492e+00 -6.969562917947769165e-02 1.996535301208496094e+00
1.345817504882812500e+03 -1.233560293912887573e-01 -6.817095726728439331e-02 3.127195119857788086e+00
6.039392700195312500e+02 -4.873311996459960938e+00 -3.949848115444183350e-01 4.711119079589843750e+01
1.613279296875000000e+03 -7.811037898063659668e-01 -1.469024717807769775e-01 1.740755462646484375e+01
5.339732666015625000e+02 2.906211912631988525e-01 9.437061101198196411e-02 2.377732753753662109e+00
2.975665893554687500e+02 4.277337193489074707e-01 -3.674799203872680664e-02 2.009191811084747314e-01
1.530977905273437500e+03 5.658684253692626953e+00 -3.807126730680465698e-02 1.109516024589538574e+00
1.416860107421875000e+03 -5.877546072006225586e-01 -4.082501307129859924e-02 1.180727362632751465e+00
3.740441894531250000e+03 1.641592741012573242e+00 -1.453427970409393311e-02 3.950753509998321533e-01
1.584860717773437500e+03 3.013116359710693359e+00 1.911802291870117188e-01 2.896323394775390625e+01
5.248489379882812500e+02 6.411801338195800781e+00 -1.483446061611175537e-01 5.774944782257080078e+00
4.555273132324218750e+02 2.472410917282104492e+00 2.939748577773571014e-02 1.968361437320709229e-01
3.047247314453125000e+02 9.778290748596191406e+00 -1.046562120318412781e-01 1.668813109397888184e+00
7.516281738281250000e+02 -1.498878002166748047e-01 2.173370122909545898e-01 1.775171852111816406e+01
8.046580078125000000e+03 1.755454391241073608e-01 -1.095848158001899719e-02 4.831501543521881104e-01
1.661306915283203125e+02 -1.408621519804000854e-01 1.834713108837604523e-02 2.796122618019580841e-02
2.688460693359375000e+03 -4.338919639587402344e+00 -7.285318970680236816e-01 7.134619750976562500e+02
9.020619506835937500e+02 6.974535584449768066e-01 9.640105366706848145e-01 4.191504516601562500e+02
3.261572753906250000e+03 -3.250286877155303955e-01 8.726555854082107544e-02 1.241889095306396484e+01
2.808682617187500000e+03 3.327658474445343018e-01 6.650160551071166992e-01 6.210648193359375000e+02
9.145283203125000000e+03 -3.241256773471832275e-01 2.311669848859310150e-02 2.443536043167114258e+00
3.369302062988281250e+02 6.758935928344726562e+00 -3.670357540249824524e-02 2.269481867551803589e-01
2.090204101562500000e+03 6.925013065338134766e-01 -5.676697567105293274e-02 3.367830753326416016e+00
5.557003417968750000e+03 1.908638834953308105e+00 -1.406073104590177536e-02 5.493213534355163574e-01
1.860185089111328125e+02 2.041536271572113037e-01 3.081766329705715179e-02 8.833353221416473389e-02
1.660651489257812500e+03 9.531092643737792969e+00 2.820982597768306732e-02 6.607684493064880371e-01
2.477813964843750000e+03 -1.437674313783645630e-01 5.697103962302207947e-02 4.021119594573974609e+00
2.230198669433593750e+02 -1.795320391654968262e+00 -2.725986205041408539e-02 8.286304026842117310e-02
1.815822631835937500e+03 2.682409524917602539e+00 -1.669986695051193237e-01 2.532033538818359375e+01
2.375159454345703125e+02 -1.805893898010253906e+00 -3.794839978218078613e-01 1.710210990905761719e+01
1.955616149902343750e+02 -2.080127596855163574e-01 -1.477030813694000244e-01 2.133205890655517578e+00
4.098295898437500000e+03 2.409628629684448242e+00 -1.684825867414474487e-02 5.816789865493774414e-01
9.794603271484375000e+02 2.477810621261596680e+00 -1.949984766542911530e-02 1.862169802188873291e-01
1.117255615234375000e+03 8.873246312141418457e-01 1.016167998313903809e-01 5.768376350402832031e+00
2.430833251953125000e+03 -4.086748063564300537e-01 -4.679594188928604126e-02 2.661592483520507812e+00
8.161701171875000000e+03 2.236945629119873047e+00 3.053737282752990723e-01 3.805520324707031250e+02
1.256535156250000000e+03 -2.004644870758056641e+00 -1.373580843210220337e-01 1.185367679595947266e+01
2.123612518310546875e+02 -3.359118461608886719e+00 -2.847500443458557129e-01 8.609400749206542969e+00
3.502173156738281250e+02 8.673134446144104004e-01 -1.672301590442657471e-01 4.897075653076171875e+00
1.012695617675781250e+03 -5.205937027931213379e-01 1.089216209948062897e-02 6.007269397377967834e-02
4.015830993652343750e+02 1.635780781507492065e-01 -1.512888912111520767e-02 4.595782980322837830e-02
1.999722534179687500e+03 -8.919164657592773438e+00 -4.929117262363433838e-01 2.429282684326171875e+02
1.842866973876953125e+02 -2.314761132001876831e-01 1.029021665453910828e-02 9.756925515830516815e-03
5.717153320312500000e+03 -4.149891853332519531e+00 7.004299759864807129e-02 1.402423763275146484e+01
3.381390686035156250e+02 -4.605906009674072266e+00 -1.955613344907760620e-01 6.465934753417968750e+00
2.602648620605468750e+02 -1.025775820016860962e-01 2.069692686200141907e-02 5.574388429522514343e-02
4.014062255859375000e+03 -1.233627796173095703e+00 4.779516458511352539e-01 4.584817199707031250e+02
1.232423217773437500e+03 -2.629072070121765137e-01 -1.904465854167938232e-01 2.234993553161621094e+01
6.596114257812500000e+03 1.970211118459701538e-01 7.146912813186645508e-02 1.684593582153320312e+01
6.104190063476562500e+02 -9.332078933715820312e+00 2.276876568794250488e-01 1.582257080078125000e+01
6.254461059570312500e+02 1.092370986938476562e+00 -3.626776114106178284e-02 4.113404452800750732e-01
1.799536132812500000e+03 5.142340183258056641e+00 -4.513029754161834717e-02 1.832597017288208008e+00
4.394898071289062500e+02 9.033753871917724609e-01 9.204820990562438965e-01 1.861870574951171875e+02
2.158968811035156250e+02 2.646467924118041992e+00 1.192448008805513382e-02 1.534953713417053223e-02
1.372416381835937500e+03 -4.057641029357910156e-01 5.562294125556945801e-01 2.123067474365234375e+02
1.323222503662109375e+02 8.804305195808410645e-01 3.876503556966781616e-02 9.942217171192169189e-02
1.295821228027343750e+02 4.015705585479736328e+00 1.809963583946228027e-02 2.122534625232219696e-02
4.275425292968750000e+03 1.652745753526687622e-01 -7.669413685798645020e-01 1.257400634765625000e+03
2.503737060546875000e+03 -2.401687800884246826e-01 -1.820604503154754639e-01 4.149444580078125000e+01
2.927870849609375000e+03 -6.547572135925292969e+00 4.874318540096282959e-01 3.478161621093750000e+02
5.151561035156250000e+03 3.309215903282165527e-01 7.402239441871643066e-01 1.411351196289062500e+03
1.736055053710937500e+03 1.528900265693664551e+00 -5.883366242051124573e-02 3.004590272903442383e+00
3.556545166015625000e+03 -1.974082827568054199e+00 -3.770789206027984619e-01 2.528499145507812500e+02
5.633990478515625000e+02 3.427367210388183594e-01 -2.153228595852851868e-02 1.306069940328598022e-01
5.957403320312500000e+03 1.489549160003662109e+00 2.994700372219085693e-01 2.671368408203125000e+02
1.008872924804687500e+03 2.793802499771118164e+00 -5.226369202136993408e-02 1.377864956855773926e+00
7.623975830078125000e+02 1.468033492565155029e-01 -2.277912646532058716e-01 1.977997016906738281e+01
1.550781860351562500e+03 1.205856800079345703e-01 -8.814055323600769043e-01 6.023823852539062500e+02
7.435406250000000000e+03 3.153302907943725586e+00 1.657921820878982544e-02 1.021886825561523438e+00
5.542467285156250000e+03 -1.567381918430328369e-01 2.158527374267578125e-01 1.291184234619140625e+02
1.534975341796875000e+03 1.785992980003356934e+00 -5.461127161979675293e-01 2.288948516845703125e+02
6.641972656250000000e+03 -8.943860054016113281e+00 2.102458626031875610e-01 1.467986297607421875e+02
7.786022460937500000e+03 -3.191326856613159180e-01 -4.779360294342041016e-01 8.892526855468750000e+02
5.933629150390625000e+02 1.605116724967956543e-01 1.722781173884868622e-02 8.805430680513381958e-02
1.372948150634765625e+02 -1.829955101013183594e+00 1.772313192486763000e-02 2.156279608607292175e-02
1.723348999023437500e+02 -1.857348531484603882e-01 -2.191481553018093109e-02 4.138270765542984009e-02
2.812433105468750000e+03 -4.357116699218750000e+00 2.144261635839939117e-02 6.465584039688110352e-01
2.590635742187500000e+03 3.185749650001525879e-01 -4.704950377345085144e-02 2.867388010025024414e+00
1.471144561767578125e+02 -1.094571799039840698e-01 -1.392237544059753418e-01 1.425778388977050781e+00
5.076280822753906250e+02 -1.771012544631958008e-01 1.280098501592874527e-02 4.159129038453102112e-02
2.021623657226562500e+03 3.353943586349487305e+00 6.110858172178268433e-02 3.774633169174194336e+00
2.493796875000000000e+03 1.095568314194679260e-01 7.392926812171936035e-01 6.814968261718750000e+02
3.276349792480468750e+02 3.158231079578399658e-01 -2.279734462499618530e-01 8.513905525207519531e+00
1.506012115478515625e+02 -6.147639751434326172e+00 -8.236879706382751465e-01 5.108858489990234375e+01
2.104250946044921875e+02 1.674187332391738892e-01 7.600627839565277100e-02 6.078081727027893066e-01
5.563303222656250000e+03 -3.156372904777526855e-01 1.540038641542196274e-02 6.597295999526977539e-01
2.268303070068359375e+02 2.283063828945159912e-01 1.649386435747146606e-02 3.085431642830371857e-02
4.581190429687500000e+03 2.100605815649032593e-01 -4.959465190768241882e-02 5.634015560150146484e+00
2.267500244140625000e+03 -5.094586849212646484e+00 -2.533033788204193115e-01 7.274436187744140625e+01
1.194840469360351562e+02 -1.670448184013366699e-01 6.696181744337081909e-02 2.678763866424560547e-01
1.957487335205078125e+02 6.294245243072509766e+00 2.538307309150695801e-01 6.306048870086669922e+00
1.200156784057617188e+02 -2.739178836345672607e-01 9.633560478687286377e-02 5.569056868553161621e-01
8.404871826171875000e+02 -4.432377815246582031e+00 -2.641930058598518372e-02 2.933213710784912109e-01
9.878824462890625000e+02 -2.882945835590362549e-01 -8.672471046447753906e-01 3.715018615722656250e+02
2.538500732421875000e+03 6.523870825767517090e-01 -2.841865271329879761e-02 1.025071740150451660e+00
5.994579467773437500e+02 4.010916948318481445e-01 -5.856761708855628967e-02 1.028120040893554688e+00
9.085621093750000000e+03 -3.688971519470214844e+00 1.001882627606391907e-01 4.559931182861328125e+01
6.968641113281250000e+03 -9.207033514976501465e-01 3.102987632155418396e-02 3.354889392852783203e+00
3.921507080078125000e+03 3.616524696350097656e+00 1.652848869562149048e-01 5.356601333618164062e+01
1.020853942871093750e+03 4.814111232757568359e+00 -2.560297548770904541e-01 3.345912170410156250e+01
1.362844604492187500e+03 -1.876431941986083984e+00 -6.971542835235595703e-01 3.311876831054687500e+02
6.296800781250000000e+03 8.947468757629394531e+00 1.092790067195892334e-01 3.759788513183593750e+01
2.347384338378906250e+02 -6.713625788688659668e-01 -3.043503686785697937e-02 1.087181046605110168e-01
6.272048339843750000e+03 -5.364076614379882812e+00 1.406393796205520630e-01 6.202879333496093750e+01
2.406186523437500000e+03 2.088961601257324219e+00 3.987747430801391602e-01 1.913174591064453125e+02
4.771243286132812500e+02 -4.837027788162231445e-01 -1.302245538681745529e-02 4.045640677213668823e-02
1.803763427734375000e+02 -3.947545588016510010e-01 -4.094313383102416992e-01 1.511860656738281250e+01
7.839925781250000000e+03 -8.967454910278320312e+00 -4.241844415664672852e-01 7.053284912109375000e+02
4.740476684570312500e+02 -8.959981918334960938e+00 -6.791229546070098877e-02 1.093172907829284668e+00
1.216274337768554688e+02 5.439496040344238281e-01 -8.884603530168533325e-02 4.800402224063873291e-01
6.651557617187500000e+02 -3.964577913284301758e+00 1.246734261512756348e-01 5.169412136077880859e+00
1.478181610107421875e+02 7.183584690093994141e+00 7.532317638397216797e-01 4.193291854858398438e+01
3.775384216308593750e+02 9.059001207351684570e-01 -5.010236427187919617e-02 4.738573133945465088e-01
1.147066574096679688e+02 -1.503763943910598755e-01 -1.450941264629364014e-01 1.207419633865356445e+00
2.013597778320312500e+03 1.759435057640075684e+00 -6.265160441398620605e-02 3.951910257339477539e+00
2.070874633789062500e+02 -2.518619060516357422e+00 -1.595713943243026733e-02 2.636537328362464905e-02
1.193599365234375000e+03 -6.830214977264404297e+00 2.815515995025634766e-01 4.730908966064453125e+01
1.222488250732421875e+02 -1.111565470695495605e+00 -1.335304081439971924e-01 1.089870810508728027e+00
1.047541656494140625e+02 -2.063941657543182373e-01 2.243432775139808655e-02 2.636133879423141479e-02
8.220867187500000000e+03 1.474848866462707520e+00 -2.871946096420288086e-01 3.390316162109375000e+02
2.615743103027343750e+02 -2.381938219070434570e+00 2.802719175815582275e-02 1.027363687753677368e-01
2.058035125732421875e+02 1.339270234107971191e+00 -2.370011359453201294e-01 5.779944419860839844e+00
2.437365417480468750e+02 1.213139593601226807e-01 -6.135351657867431641e-01 4.587430953979492188e+01
2.349058349609375000e+03 7.192518234252929688e+00 7.276923209428787231e-02 6.219555854797363281e+00
2.957965698242187500e+02 4.036121368408203125e+00 -1.187308579683303833e-01 2.084924459457397461e+00
2.808982238769531250e+02 -3.292894363403320312e-01 7.145550847053527832e-01 7.171176910400390625e+01
1.236609115600585938e+02 1.292969286441802979e-01 -7.397487759590148926e-01 3.383536911010742188e+01
5.555535156250000000e+03 6.157938003540039062e+00 2.462876029312610626e-02 1.684926867485046387e+00
3.814611816406250000e+03 2.965480387210845947e-01 -3.146454319357872009e-02 1.888266324996948242e+00
8.470393066406250000e+02 -3.228947222232818604e-01 7.124944776296615601e-02 2.149990558624267578e+00
1.106828460693359375e+02 -2.107997089624404907e-01 2.127463668584823608e-01 2.504809141159057617e+00
4.032231445312500000e+02 -4.416543960571289062e+00 -2.240913920104503632e-02 1.012431904673576355e-01
1.921235473632812500e+03 -4.248341083526611328e+00 -1.069490332156419754e-02 1.098763793706893921e-01
2.513946289062500000e+03 -5.959442853927612305e-01 7.487598061561584473e-02 7.047110080718994141e+00
1.543721435546875000e+03 -1.386887073516845703e+00 -4.710716903209686279e-01 1.712824859619140625e+02
7.612444458007812500e+02 1.159981340169906616e-01 -6.323806047439575195e-01 1.522128295898437500e+02
1.243215103149414062e+02 1.959248334169387817e-01 3.941450417041778564e-01 9.656692504882812500e+00
2.224902038574218750e+02 -1.146967411041259766e+00 8.013919740915298462e-02 7.144484519958496094e-01
1.025157470703125000e+03 -8.193919658660888672e-01 6.853786110877990723e-02 2.407807350158691406e+00
2.479171630859375000e+03 -1.640664577484130859e+00 -1.218365952372550964e-01 1.840060615539550781e+01
5.694121093750000000e+02 2.518415451049804688e+00 -3.429743051528930664e-01 3.349036407470703125e+01
3.005221557617187500e+02 4.433283329010009766e+00 -2.080319821834564209e-02 6.502894312143325806e-02
1.759297973632812500e+03 1.413264274597167969e+00 -2.293054759502410889e-01 4.625282287597656250e+01
2.232508300781250000e+03 1.824831217527389526e-01 1.386714428663253784e-01 2.146531105041503906e+01
4.976982910156250000e+03 -7.959500551223754883e-01 -4.762261733412742615e-02 5.643683910369873047e+00
1.921093872070312500e+03 -2.723104953765869141e-01 3.842439353466033936e-01 1.418184204101562500e+02
5.753927612304687500e+02 -5.345359325408935547e+00 1.186984591186046600e-02 4.053447395563125610e-02
1.475971435546875000e+03 -4.134885370731353760e-01 3.030392341315746307e-02 6.777127385139465332e-01
1.489859161376953125e+02 1.787285447120666504e+00 -1.866486296057701111e-02 2.595164068043231964e-02
5.125211181640625000e+02 1.574338972568511963e-01 -1.457293331623077393e-02 5.442215502262115479e-02
4.788848571777343750e+02 -8.764938116073608398e-01 2.598792612552642822e-01 1.617127799987792969e+01
1.393261718750000000e+03 1.981435775756835938e+00 -7.896000146865844727e-01 4.343272094726562500e+02
3.703072814941406250e+02 -2.873039245605468750e-01 5.247219651937484741e-02 5.097893476486206055e-01
1.041873657226562500e+03 -5.865998864173889160e-01 -4.001303762197494507e-02 8.340423703193664551e-01
6.926989746093750000e+03 8.744534492492675781e+00 -1.033965274691581726e-01 3.702767562866210938e+01
2.181489501953125000e+03 6.391193866729736328e+00 9.178557991981506348e-02 9.189081192016601562e+00
4.429522460937500000e+03 6.306869029998779297e+00 -1.923369765281677246e-01 8.193180084228515625e+01
2.826837158203125000e+03 -2.196828424930572510e-01 1.335137896239757538e-02 2.519550323486328125e-01
2.484673583984375000e+03 1.070711374282836914e+00 -5.453793406486511230e-01 3.695189514160156250e+02
1.065224853515625000e+03 5.266197323799133301e-01 3.546094149351119995e-02 6.697485446929931641e-01
2.270714111328125000e+02 5.015507221221923828e+00 -4.489362835884094238e-01 2.288241577148437500e+01
8.694320068359375000e+02 -2.859544992446899414e+00 -4.318896681070327759e-02 8.108700513839721680e-01
2.821618347167968750e+02 4.088084697723388672e+00 -8.380033075809478760e-02 9.907400012016296387e-01
1.160751190185546875e+02 -8.055994033813476562e+00 -2.268849872052669525e-02 2.987587824463844299e-02
5.185452270507812500e+02 1.898301988840103149e-01 -1.210334151983261108e-02 3.798107430338859558e-02
1.791053924560546875e+02 3.645395040512084961e-01 -1.086570322513580322e-02 1.057290565222501755e-02
9.410505371093750000e+02 -9.744827747344970703e-01 -1.522080320864915848e-02 1.090079247951507568e-01
7.639885253906250000e+02 -1.593098640441894531e-01 8.115605264902114868e-02 2.515930891036987305e+00
4.951898498535156250e+02 1.512859582901000977e+00 -4.098002240061759949e-02 4.158015549182891846e-01
1.277713623046875000e+03 -9.805888533592224121e-01 1.269861217588186264e-02 1.030187010765075684e-01
9.256076660156250000e+02 4.816393256187438965e-01 4.103610515594482422e-01 7.793441009521484375e+01
1.409574951171875000e+03 -4.083007574081420898e-01 -5.318189263343811035e-01 1.993360137939453125e+02
1.386009826660156250e+02 -2.623873710632324219e+00 -1.703569740056991577e-01 2.011203765869140625e+00
1.379937255859375000e+03 1.845680475234985352e-01 -1.831452250480651855e-01 2.314304733276367188e+01
5.271027343750000000e+03 1.718755841255187988e+00 1.539969444274902344e-02 6.250136494636535645e-01
2.077418212890625000e+03 -2.514496326446533203e+00 -1.181368529796600342e-01 1.449655342102050781e+01
2.020371093750000000e+02 4.596946239471435547e+00 4.712947458028793335e-02 2.243811190128326416e-01
1.160296142578125000e+03 4.482901692390441895e-01 4.668729007244110107e-02 1.264550566673278809e+00
1.213230438232421875e+02 -1.770664006471633911e-01 1.566196233034133911e-02 1.488009281456470490e-02
9.057762695312500000e+03 8.176880836486816406e+00 3.863979876041412354e-02 6.761774063110351562e+00
5.165792846679687500e+02 9.569525718688964844e-01 -1.245156377553939819e-01 4.004559993743896484e+00
2.286847686767578125e+02 1.213955506682395935e-01 1.946405880153179169e-02 4.331856966018676758e-02
3.861954345703125000e+02 -4.883002281188964844e+00 3.439218699932098389e-01 2.284003257751464844e+01
7.094391113281250000e+03 3.451602458953857422e+00 1.814263686537742615e-02 1.167578220367431641e+00
7.742200683593750000e+03 5.185679793357849121e-01 -2.836515568196773529e-02 3.114618062973022461e+00
1.410751220703125000e+03 1.098955124616622925e-01 -5.042775720357894897e-02 1.793740987777709961e+00
1.515772705078125000e+02 1.312458813190460205e-01 -4.173068106174468994e-01 1.319820976257324219e+01
3.072864746093750000e+03 -1.266184687614440918e+00 2.648976147174835205e-01 1.078126068115234375e+02
5.495447265625000000e+03 -1.050346642732620239e-01 4.768924713134765625e-01 6.249049682617187500e+02
8.877070312500000000e+03 1.141582503914833069e-01 -1.228584945201873779e-01 6.699618530273437500e+01
8.672011108398437500e+02 2.067813158035278320e+00 -9.846149384975433350e-02 4.203612804412841797e+00
9.438287353515625000e+02 -3.802190065383911133e+00 -1.061269547790288925e-02 5.315138399600982666e-02
1.462762573242187500e+03 -5.489001274108886719e+00 -3.906318545341491699e-02 1.116038560867309570e+00
5.461729125976562500e+02 7.704650402069091797e+00 -1.964509338140487671e-01 1.053921794891357422e+01
2.503870544433593750e+02 -1.958530902862548828e+00 -4.643801152706146240e-01 2.699784660339355469e+01
9.116043701171875000e+02 1.455159187316894531e-01 -3.894944489002227783e-01 6.914788818359375000e+01
3.121620117187500000e+03 3.780764937400817871e-01 4.643639549612998962e-02 3.365635395050048828e+00
1.137446777343750000e+03 -4.523979425430297852e-01 2.633310481905937195e-02 3.943712413311004639e-01
4.627756347656250000e+03 1.886593103408813477e-01 1.703644543886184692e-02 6.715811491012573242e-01
2.155503906250000000e+03 -1.295160412788391113e+00 1.063033118844032288e-01 1.217902183532714844e+01
1.196716232299804688e+02 1.556509733200073242e-01 -1.757371723651885986e-01 1.847942471504211426e+00
2.252548828125000000e+03 6.681750416755676270e-01 1.562581956386566162e-01 2.749982070922851562e+01
3.894706787109375000e+03 2.202987194061279297e+00 -4.661312699317932129e-02 4.231177806854248047e+00
1.083552246093750000e+03 7.200104594230651855e-01 1.933941431343555450e-02 2.026312798261642456e-01
2.993171691894531250e+02 1.196928620338439941e-01 -2.234050929546356201e-01 7.469435691833496094e+00
7.457930908203125000e+02 -1.787271857261657715e+00 9.300848096609115601e-02 3.225770473480224609e+00
9.428895874023437500e+02 9.387385845184326172e-01 -7.170061022043228149e-02 2.423687219619750977e+00
1.540389709472656250e+02 -5.867828130722045898e-01 2.626214362680912018e-02 5.312035977840423584e-02
2.727389221191406250e+02 2.897722005844116211e+00 2.152569219470024109e-02 6.318752467632293701e-02
2.863228454589843750e+02 6.004967093467712402e-01 -6.878904104232788086e-01 6.774300384521484375e+01
9.192084960937500000e+03 1.036774754524230957e+00 -3.448996245861053467e-01 5.467257080078125000e+02
1.471058715820312500e+03 7.579882621765136719e+00 -3.297080099582672119e-01 7.995745849609375000e+01
3.947328369140625000e+03 -7.724764823913574219e+00 -2.505132257938385010e-01 1.238610153198242188e+02
1.223554077148437500e+03 -4.593069076538085938e+00 -8.555195480585098267e-02 4.477680206298828125e+00
3.504771972656250000e+03 -1.576770424842834473e+00 3.276808187365531921e-02 1.881619453430175781e+00
1.879828125000000000e+03 -5.245205760002136230e-01 2.911632321774959564e-02 7.968218326568603516e-01
1.325227966308593750e+02 -4.067375361919403076e-01 3.012651205062866211e-02 6.013929098844528198e-02
1.300904541015625000e+02 3.466536998748779297e-01 -5.150745064020156860e-02 1.725661307573318481e-01
8.774963867187500000e+03 2.589814424514770508e+00 -2.265192009508609772e-02 2.251258373260498047e+00
1.217333374023437500e+02 -5.207479000091552734e-01 -5.208109617233276367e-01 1.650972366333007812e+01
7.032028808593750000e+03 1.724027633666992188e+00 -3.478193283081054688e-02 4.253614425659179688e+00
6.964202148437500000e+03 -4.255706965923309326e-01 4.991369247436523438e-01 8.675225830078125000e+02
6.430939331054687500e+02 -4.233220219612121582e-01 5.495047569274902344e-01 9.709286499023437500e+01
7.632045898437500000e+02 -3.675125539302825928e-01 2.073412835597991943e-01 1.640523910522460938e+01
5.218917846679687500e+02 -1.806404292583465576e-01 -4.016968011856079102e-01 4.210631179809570312e+01
2.822754638671875000e+03 8.583346009254455566e-01 -1.370074599981307983e-01 2.649302482604980469e+01
3.110247497558593750e+02 -9.857105255126953125e+00 -5.207188054919242859e-02 4.216687977313995361e-01
2.862673828125000000e+03 6.797211170196533203e-01 -3.129700124263763428e-01 1.401997680664062500e+02
3.704985656738281250e+02 8.260043144226074219e+00 -1.669281721115112305e-02 5.161973834037780762e-02
9.466683959960937500e+02 1.964091062545776367e-01 8.219528198242187500e-02 3.197876214981079102e+00
2.593100585937500000e+02 1.800070405006408691e+00 -2.221942991018295288e-01 6.401108264923095703e+00
1.120189819335937500e+02 -4.544567584991455078e+00 3.572583198547363281e-02 7.148688286542892456e-02
4.281459350585937500e+02 2.141760140657424927e-01 -2.348825335502624512e-02 1.181036233901977539e-01
1.846313781738281250e+02 7.543388009071350098e-01 -1.121987868100404739e-02 1.162122283130884171e-02
3.530440979003906250e+02 5.462567806243896484e-01 -1.490401923656463623e-01 3.921080589294433594e+00
1.885863159179687500e+03 7.676123976707458496e-01 -2.731451392173767090e-02 7.035049200057983398e-01
3.351259155273437500e+02 2.539200186729431152e-01 6.598953902721405029e-02 7.296728491783142090e-01
6.685025390625000000e+03 -7.644251585006713867e-01 5.060747861862182617e-01 8.560566406250000000e+02
5.779041992187500000e+03 -8.864019513130187988e-01 -2.753769457340240479e-01 2.191195068359375000e+02
